point_ID,set_num,game_num,point_num,serve_num,server_id,returner_id,point_winner_id,court_side,serve_speed_kph,serve_type,fault_distance_missed_m,x_ball_serve_impact,y_ball_serve_impact,z_ball_serve_impact,rally_length,point_end_type,error_type,trapped_by_net,last_stroke_type,last_hand,last_stroke_net_height_m,winner_placement,unforcedErrorPlacement,is_break_point,is_break_point_converted,is_track_avail,x_serve_bounce,y_serve_bounce,z_serve_bounce,serve_dir,z_net_serve,x_net_serve,y_net_serve,last_ball_impact_x,last_ball_impact_y,last_ball_impact_z,last_ball_bounce_x,last_ball_bounce_y,last_ball_bounce_z,serve_return_impact_x,serve_return_impact_y,serve_return_impact_z,serve_return_net_x,serve_return_net_y,serve_return_net_z,serve_return_bounce_x,serve_return_bounce_y,serve_return_bounce_z,spin_rpm,is_fault,is_doublefault,is_tiebreak,is_ace,is_prev_doublefault,is_prev_ace,server_score,returner_score,player1,player2,p1_cum_games,p2_cum_games,p1_cum_sets,p2_cum_sets
1_1_1_1,1,1,1,1,WTA320238,WTA316266,WTA320238,DeuceCourt,129 KPH,Flat,NA,13.9399996,0.781000018,0.938000023,3,Unforced Error,NA,False,Ground,BackHand,3.13 Metre,NA,Wide Error,False,False,True,-10.2880001,-1.50699997,0.0320000015,Body,2.72600007,0.0,-0.398999989,-12.9879999,-4.04400015,0.976000011,8.42300034,4.615,0.0320000015,-13.2259998,-1.84899998,1.32299995,-0.0,-0.625999987,1.25100005,5.63899994,0.0599999987,0.0329999998,1816.14,0,0,0,0,0,0,0,0,WTA320238,WTA316266,0,0,0,0
1_1_2_1,1,1,2,1,WTA320238,WTA316266,WTA316266,AdCourt,151.45 KPH,Slice,0.39 Metre,11.4189997,-1.48699999,2.55800009,0,Faulty Serve,Long Error,False,NA,NA,1.36 Metre,NA,NA,False,False,True,-6.78999996,1.15900004,0.0329999998,T,1.35899997,0.0,0.344999999,11.4189997,-1.48699999,2.55800009,-6.78999996,1.15900004,0.0329999998,,,,,,,,,,819.96,1,0,0,0,0,0,1,0,WTA320238,WTA316266,0,0,0,0
1_1_2_2,1,1,2,2,WTA320238,WTA316266,WTA316266,AdCourt,128 KPH,Slice,0.19 Metre,11.4090004,-1.36199999,2.60700011,0,DoubleFault,Net Error,True,NA,NA,0.88 Metre,NA,Net Error,False,False,True,0.188999996,2.70900011,0.0329999998,Body,0.880999982,0.00700000022,2.08200002,11.4090004,-1.36199999,2.60700011,0.188999996,2.70900011,0.0329999998,,,,,,,,,,1022.7,1,1,0,0,0,0,1,0,WTA320238,WTA316266,0,0,0,0
1_1_3_1,1,1,3,1,WTA320238,WTA316266,WTA320238,DeuceCourt,144 KPH,Slice,NA,11.4219999,1.21700001,2.56399989,3,Unforced Error,NA,False,Ground,ForeHand,1.48 Metre,NA,Wide Error,False,False,True,-5.04300022,-2.93400002,0.0309999995,Wide,1.14199996,0.0,-1.48699999,-11.0129995,1.10500002,1.69500005,8.61999989,-4.18300009,0.0320000015,-11.9300003,-5.16699982,1.11199999,-0.0,-1.56900001,1.70700002,10.1000004,1.18700004,0.0329999998,1583.88,0,0,0,0,1,0,1,1,WTA320238,WTA316266,0,0,0,0
1_1_4_1,1,1,4,1,WTA320238,WTA316266,WTA320238,AdCourt,145 KPH,Slice,NA,11.4209995,-1.50300002,2.62899995,3,Unforced Error,NA,False,Ground,ForeHand,1.94 Metre,NA,Long Error,False,False,True,-5.40399981,3.0250001,0.0340000018,Wide,1.23500001,0.0,1.727,-13.1730003,3.35400009,0.878000021,12.4320002,3.03900003,0.0299999993,-13.7810001,4.69399977,1.13199997,-0.0,1.34500003,1.62800002,8.16499996,-0.541000009,0.0340000018,2377.2,0,0,0,0,0,0,2,1,WTA320238,WTA316266,0,0,0,0
1_1_5_1,1,1,5,1,WTA320238,WTA316266,WTA316266,DeuceCourt,134 KPH,Slice,NA,11.3579998,0.88499999,2.48600006,2,Unforced Error,NA,False,Ground,ForeHand,2.33 Metre,NA,Long Error,False,False,True,-5.01900005,-3.48099995,0.0309999995,Wide,1.227,0.0,-1.94700003,11.4779997,3.0999999,0.90200001,-12.885,2.42499995,0.0320000015,-12.0690002,-5.84899998,1.28400004,-0.0,-1.23899996,1.324,6.13000011,1.01900005,0.0340000018,2527.5,0,0,0,0,0,0,3,1,WTA320238,WTA316266,0,0,0,0
1_1_6_1,1,1,6,1,WTA320238,WTA316266,WTA320238,AdCourt,159.61 KPH,Flat,NA,11.3409996,-1.597,2.55100012,3,Forced Error,NA,False,Ground,ForeHand,2.13 Metre,NA,NA,False,False,True,-5.23199987,3.51200008,0.0340000018,Wide,1.10699999,-0.0,1.98300004,-13.3610001,4.47900009,0.894999981,7.7750001,1.25600004,0.0340000018,-13.6120005,5.78499985,1.23399997,0.0,0.312000006,3.72199988,6.59600019,-2.36599994,0.0340000018,NA,0,0,0,0,0,0,3,2,WTA320238,WTA316266,0,0,0,0
1_2_1_1,1,2,1,1,WTA316266,WTA320238,WTA316266,DeuceCourt,142 KPH,Pronated,NA,11.5620003,0.856999993,2.61800003,1,Forced Error,NA,False,NA,BackHand,2.17 Metre,NA,NA,False,False,True,-5.67299986,-1.82200003,0.0320000015,Body,1.19299996,0.0,-1.05299997,-13.2939997,-2.7809999,1.20099998,9.10000038,4.21999979,0.0320000015,-13.2939997,-2.7809999,1.20099998,-0.0,1.19500005,2.16599989,9.10000038,4.21999979,0.0320000015,1074.96,0,0,0,0,0,0,0,0,WTA320238,WTA316266,1,0,0,0
1_2_2_1,1,2,2,1,WTA316266,WTA320238,WTA320238,AdCourt,151 KPH,Pronated,NA,11.4359999,-0.856999993,2.51300001,2,Unforced Error,NA,False,Ground,BackHand,1.66 Metre,NA,NA,False,False,True,-4.76200008,1.09899998,0.0320000015,T,1.00399995,0.0,0.469000012,13.6820002,-0.338,1.55999994,-9.52799988,-2.96600008,0.0329999998,-13.198,2.36199999,1.102,-0.0,1.00800002,2.65400004,9.99600029,-0.00600000005,0.0340000018,1343.16,0,0,0,0,0,0,1,0,WTA320238,WTA316266,1,0,0,0
1_2_3_1,1,2,3,1,WTA316266,WTA320238,WTA320238,DeuceCourt,152.53 KPH,NA,0.21 Metre,11.3470001,0.897000015,2.56699991,0,Faulty Serve,Net Error,True,NA,ForeHand,0.86 Metre,NA,Net Error,False,False,True,0.207000002,-0.753000021,0.0320000015,T,0.859000027,-0.00100000005,-0.521000028,11.3470001,0.897000015,2.56699991,0.207000002,-0.753000021,0.0320000015,,,,,,,,,,NA,1,0,0,0,0,0,1,1,WTA320238,WTA316266,1,0,0,0
1_2_3_2,1,2,3,2,WTA316266,WTA320238,WTA320238,DeuceCourt,119 KPH,Pronated,NA,11.4589996,1.00600004,2.63199997,2,Unforced Error,NA,False,Ground,ForeHand,1.89 Metre,NA,NA,False,False,True,-4.82999992,-1.71000004,0.0320000015,Body,1.26300001,0.0,-1.079,13.6160002,-2.40700006,0.959999979,-8.1960001,2.74000001,0.0340000018,-11.4250002,-2.50900006,1.39100003,0.0,-2.2019999,1.38499999,8.0340004,-2.31800008,0.0340000018,2131.02,0,0,0,0,0,0,1,1,WTA320238,WTA316266,1,0,0,0
1_2_4_1,1,2,4,1,WTA316266,WTA320238,WTA316266,AdCourt,159 KPH,Pronated,NA,11.3990002,-0.533999979,2.56200004,1,Forced Error,NA,False,NA,ForeHand,NA,NA,NA,False,False,True,-5.83099985,1.02699995,0.0329999998,T,1.14199996,0.0,0.430999994,-12.5,1.77999997,1.04999995,5.76399994,4.44500017,0.0329999998,-12.5,1.77999997,1.04999995,0.0,3.273,4.90399981,5.76399994,4.44500017,0.0329999998,1624.02,0,0,0,0,0,0,1,2,WTA320238,WTA316266,1,0,0,0
1_2_5_1,1,2,5,1,WTA316266,WTA320238,WTA316266,DeuceCourt,150 KPH,Pronated,NA,11.6470003,0.754999995,2.61299992,1,Forced Error,NA,True,NA,BackHand,0.45 Metre,NA,NA,False,False,True,-5.43599987,-0.947000027,0.0320000015,T,1.153,0.0,-0.490999997,-12.9809999,-1.39699996,1.13100004,,,,,,,,,,,,,1213.14,0,0,0,0,0,0,2,2,WTA320238,WTA316266,1,0,0,0
1_2_6_1,1,2,6,1,WTA316266,WTA320238,WTA316266,AdCourt,152.78 KPH,NA,0.48 Metre,11.5869999,-0.646000028,2.63199997,0,Faulty Serve,Wide Error,False,NA,ForeHand,0.91 Metre,NA,NA,False,False,True,-5.9829998,-0.476000011,0.0320000015,T,0.910000026,-0.0350000001,-0.174999997,11.5869999,-0.646000028,2.63199997,-5.9829998,-0.476000011,0.0320000015,,,,,,,,,,NA,1,0,0,0,0,0,3,2,WTA320238,WTA316266,1,0,0,0
1_2_6_2,1,2,6,2,WTA316266,WTA320238,WTA320238,AdCourt,128 KPH,Pronated,NA,11.5979996,-0.75,2.62700009,2,Forced Error,NA,False,Ground,ForeHand,NA,NA,NA,False,False,True,-4.19899988,1.13499999,0.0329999998,T,1.06400001,-0.0,0.492000014,12.8380003,-5.89599991,1.03299999,-12.885,4.40600014,0.0309999995,-12.4350004,2.56999993,1.31799996,0.0,-1.36399996,1.27400005,6.18900013,-3.51200008,0.0350000001,NA,0,0,0,0,0,0,3,2,WTA320238,WTA316266,1,0,0,0
1_2_7_1,1,2,7,1,WTA316266,WTA320238,WTA316266,DeuceCourt,147 KPH,Pronated,NA,11.6090002,0.864000022,2.602,3,Forced Error,NA,True,Ground,ForeHand,0.16 Metre,NA,NA,False,False,True,-4.95300007,-0.910000026,0.0320000015,T,1.11099994,0.0,-0.488999993,-14.4499998,-4.58300018,0.930999994,-0.147,0.574000001,0.0320000015,-13.3439999,-1.31599998,1.26100004,0.0,0.160999998,1.86500001,9.04899979,1.245,0.0340000018,NA,0,0,0,0,0,0,3,3,WTA320238,WTA316266,1,0,0,0
1_2_8_1,1,2,8,1,WTA316266,WTA320238,WTA316266,AdCourt,144.72 KPH,Slice,0.23 Metre,11.6499996,-1.33500004,2.57500005,0,Faulty Serve,Net Error,True,NA,BackHand,0.86 Metre,NA,Net Error,False,False,True,0.230000004,1.61399996,0.0320000015,Body,0.859000027,-0.0120000001,1.66100001,11.6499996,-1.33500004,2.57500005,0.230000004,1.61399996,0.0320000015,,,,,,,,,,NA,1,0,0,0,0,0,4,3,WTA320238,WTA316266,1,0,0,0
1_2_8_2,1,2,8,2,WTA316266,WTA320238,WTA316266,AdCourt,118 KPH,Pronated,NA,11.7779999,-1.08500004,2.65899992,3,Forced Error,NA,False,Ground,BackHand,1.72 Metre,NA,NA,False,False,True,-3.72300005,2.58200002,0.0329999998,Body,1.04700005,-0.0,1.51100004,-8.69099998,2.8499999,0.638999999,9.9630003,-1.35099995,0.0329999998,-10.7559996,4.95800018,1.38100004,0.0,-0.52700001,0.994000018,3.46399999,-2.2809999,0.0340000018,1941.06,0,0,0,0,0,0,4,3,WTA320238,WTA316266,1,0,0,0
1_3_1_1,1,3,1,1,WTA320238,WTA316266,WTA320238,DeuceCourt,159.26 KPH,Slice,0.63 Metre,-11.4209995,-1.17799997,2.57200003,0,Faulty Serve,Net Error,True,NA,ForeHand,0.82 Metre,NA,Net Error,False,False,True,-0.592000008,-0.216999993,0.0320000015,T,0.823000014,0.0189999994,-0.115000002,-11.4209995,-1.17799997,2.57200003,-0.592000008,-0.216999993,0.0320000015,,,,,,,,,,NA,1,0,0,0,0,0,0,0,WTA320238,WTA316266,1,1,0,0
1_3_1_2,1,3,1,2,WTA320238,WTA316266,WTA316266,DeuceCourt,133 KPH,Slice,NA,-11.677,-1.08800006,2.65499997,2,Winner,NA,False,NA,ForeHand,1.31 Metre,Cross Court,NA,False,False,True,4.31899977,1.54700005,0.0320000015,Body,1.09300005,0.0,0.68900001,11.4329996,3.02699995,1.25399995,-8.18500042,-3.60599995,0.0320000015,11.4329996,3.02699995,1.25399995,0.0,-0.717000008,1.31299996,-8.18500042,-3.60599995,0.0320000015,1866,0,0,0,0,0,0,0,0,WTA320238,WTA316266,1,1,0,0
1_3_2_1,1,3,2,1,WTA320238,WTA316266,WTA320238,AdCourt,137 KPH,Kick,NA,-11.5710001,1.94200003,2.60299993,3,Unforced Error,NA,False,Ground,BackHand,1.39 Metre,NA,NA,False,False,True,4.72700024,-2.26399994,0.0340000018,Body,1.27699995,0.0,-1.17999995,12.6660004,-0.0900000036,0.737999976,-6.44299984,-3.32200003,0.0340000018,13.4569998,-4.28399992,1.54499996,0.0,1.21300006,1.53100002,-4.77199984,2.71799994,0.0329999998,2458.2,0,0,0,0,0,0,0,1,WTA320238,WTA316266,1,1,0,0
1_3_3_1,1,3,3,1,WTA320238,WTA316266,WTA320238,DeuceCourt,153 KPH,Slice,NA,-11.3360004,-1.22000003,2.53399992,1,Forced Error,NA,False,NA,ForeHand,2.25 Metre,NA,NA,False,False,True,5.6960001,2.05699992,0.0340000018,Body,1.25399995,-0.0,0.81099999,12.2279997,3.68499994,1.12,-12.885,-1.08500004,0.0320000015,12.2279997,3.68499994,1.12,0.0,1.71500003,2.24600005,-12.885,-1.08500004,0.0320000015,1728.6,0,0,0,0,0,0,1,1,WTA320238,WTA316266,1,1,0,0
1_3_4_1,1,3,4,1,WTA320238,WTA316266,WTA320238,AdCourt,144.76 KPH,NA,0.28 Metre,-11.3859997,1.69599998,2.58599997,0,Faulty Serve,Net Error,True,NA,ForeHand,0.88 Metre,NA,Net Error,False,False,True,-0.284999996,-1.03699994,0.0320000015,T,0.879999995,0.0729999989,-0.713999987,-11.3859997,1.69599998,2.58599997,-0.284999996,-1.03699994,0.0320000015,,,,,,,,,,1094.22,1,0,0,0,0,0,2,1,WTA320238,WTA316266,1,1,0,0
1_3_4_2,1,3,4,2,WTA320238,WTA316266,WTA316266,AdCourt,129 KPH,Flat,NA,-11.2860003,2.12899995,2.43799996,4,Winner,NA,False,Ground,ForeHand,1.49 Metre,Cross Court,NA,False,False,True,4.58699989,-0.488000005,0.0309999995,T,1.19099998,-0.0,0.109999999,11.1199999,-1.67799997,0.873000026,-8.71000004,2.99300003,0.0320000015,11.7679996,-1.45099998,1.43099999,0.0,-1.35800004,1.88300002,-10.6379995,-1.24100006,0.0320000015,3089.04,0,0,0,0,0,0,2,1,WTA320238,WTA316266,1,1,0,0
1_3_5_1,1,3,5,1,WTA320238,WTA316266,WTA320238,DeuceCourt,134 KPH,Slice,NA,-11.6820002,-1.07299995,2.58699989,3,Winner,NA,False,Volley,BackHand,2.17 Metre,Down the Line,NA,False,False,True,4.09100008,3.78500009,0.0329999998,Wide,1.10599995,0.0,2.31599998,-7.87200022,0.56400001,2.16300011,9.28199959,2.7750001,0.0320000015,12.7200003,7.11600018,1.08000004,0.0,3.10800004,5.48199987,9.28199959,2.7750001,0.0320000015,0,0,0,0,0,0,0,2,2,WTA320238,WTA316266,1,1,0,0
1_3_6_1,1,3,6,1,WTA320238,WTA316266,WTA316266,AdCourt,153 KPH,Slice,NA,-11.4809999,1.45200002,2.58699989,2,Forced Error,NA,False,Ground,BackHand,2.05 Metre,NA,NA,False,False,True,5.44399977,-2.03999996,0.0340000018,Body,1.15900004,0.0,-1.005,-13.0810003,1.704,1.19000006,8.79199982,2.89700007,0.0309999995,13.8310003,-3.37899995,1.14699996,0.0,-0.670000017,1.63,-8.26299953,0.796000004,0.0320000015,2344.32,0,0,0,0,0,0,3,2,WTA320238,WTA316266,1,1,0,0
1_3_7_1,1,3,7,1,WTA320238,WTA316266,WTA320238,DeuceCourt,133 KPH,Slice,NA,-11.3549995,-1.01100004,2.5250001,3,Winner,NA,False,Ground,BackHand,1.44 Metre,Down the Line,NA,False,False,True,3.63499999,1.20200002,0.0329999998,T,0.959999979,-0.0,0.495000005,-12.4969997,-1.97599995,0.980000019,7.28700018,-1.53499997,0.0340000018,13.6110001,3.43700004,1.09899998,0.0,0.672999978,1.15100002,-5.99700022,-0.583999991,0.0320000015,2315.58,0,0,0,0,0,0,3,3,WTA320238,WTA316266,1,1,0,0
1_3_8_1,1,3,8,1,WTA320238,WTA316266,WTA320238,AdCourt,156.41 KPH,Flat,1.91 Metre,-11.375,1.449,2.50500011,0,Faulty Serve,Long Error,False,NA,ForeHand,1.59 Metre,NA,NA,False,False,True,8.30900002,-3.76799989,0.0329999998,Wide,1.58500004,0.0,-1.76300001,-11.375,1.449,2.50500011,8.30900002,-3.76799989,0.0329999998,,,,,,,,,,NA,1,0,0,0,0,0,4,3,WTA320238,WTA316266,1,1,0,0
1_3_8_2,1,3,8,2,WTA320238,WTA316266,WTA316266,AdCourt,121 KPH,Flat,NA,-11.3360004,1.88499999,2.60299993,2,Winner,NA,False,NA,ForeHand,1.32 Metre,Down the Line,NA,False,False,True,3.89100003,-3.25300002,0.0340000018,Wide,1.10399997,0.0,-2.11899996,10.184,-5.15299988,1.39100003,-9.50199986,-2.98399997,0.0329999998,10.184,-5.15299988,1.39100003,0.0,-3.91700006,1.31900001,-9.50199986,-2.98399997,0.0329999998,1222.62,0,0,0,0,0,0,4,3,WTA320238,WTA316266,1,1,0,0
1_3_9_1,1,3,9,1,WTA320238,WTA316266,WTA316266,DeuceCourt,139 KPH,Slice,NA,-11.4099998,-1.18099999,2.54399991,2,Forced Error,NA,False,Ground,BackHand,1.17 Metre,NA,NA,False,False,True,4.76200008,4.02400017,0.0329999998,Wide,1.11500001,0.0,2.30500007,-10.2629995,1.89199996,0.649999976,8.22399998,0.321999997,0.0340000018,11.9110003,6.7750001,1.20000005,0.0,4.21600008,1.33599997,-6.69999981,2.73699999,0.0340000018,1533.72,0,0,0,0,0,0,4,4,WTA320238,WTA316266,1,1,0,0
1_3_10_1,1,3,10,1,WTA320238,WTA316266,WTA316266,AdCourt,128 KPH,Slice,NA,-11.3219995,1.99399996,2.55299997,2,Unforced Error,NA,False,Ground,BackHand,1.37 Metre,NA,NA,True,True,True,4.32200003,-3.81599998,0.0340000018,Wide,1.16299999,0.0,-2.3829999,-11.5410004,3.48300004,0.818000019,8.89700031,0.231000006,0.0340000018,13.1920004,-6.71600008,1.00399995,0.0,-1.17299998,1.30499995,-7.60400009,1.89999998,0.0340000018,1388.1,0,0,0,0,0,0,4,5,WTA320238,WTA316266,1,1,0,0
1_4_1_1,1,4,1,1,WTA316266,WTA320238,WTA316266,DeuceCourt,148 KPH,Pronated,NA,-11.5959997,-0.806999981,2.52600002,3,Forced Error,NA,True,Ground,BackHand,0.59 Metre,NA,NA,False,False,True,4.76599979,0.472000003,0.0320000015,T,1.06099999,0.0,0.216000006,13.993,-1.39400005,0.746999979,0.241999999,-3.4289999,0.0320000015,13.007,0.722000003,1.18099999,-0.0,0.340000004,1.66799998,-8.56000042,0.107000001,0.0320000015,2386.62,0,0,0,0,0,0,0,0,WTA320238,WTA316266,1,2,0,0
1_4_2_1,1,4,2,1,WTA316266,WTA320238,WTA316266,AdCourt,159.56 KPH,Pronated,0.86 Metre,-11.5200005,0.762000024,2.59100008,0,Faulty Serve,Long Error,False,NA,ForeHand,1.38 Metre,NA,NA,False,False,True,7.25899982,-1.71500003,0.0340000018,Body,1.375,0.0,-0.663999975,-11.5200005,0.762000024,2.59100008,7.25899982,-1.71500003,0.0340000018,,,,,,,,,,NA,1,0,0,0,0,0,1,0,WTA320238,WTA316266,1,2,0,0
1_4_2_2,1,4,2,2,WTA316266,WTA320238,WTA316266,AdCourt,112.74 KPH,Pronated,NA,-11.7980003,0.726999998,2.6960001,3,Unforced Error,NA,False,Ground,ForeHand,1.37 Metre,NA,NA,False,False,True,3.19099998,-1.94400001,0.0320000015,Body,0.999000013,0.0,-1.17299998,13.0369997,0.870999992,0.958999991,-7.83300018,-1.176,0.0320000015,11.0670004,-3.81999993,1.19599998,0.0,-0.163000003,1.55700004,-8.97700024,3.08800006,0.0329999998,1887.12,0,0,0,0,0,0,1,0,WTA320238,WTA316266,1,2,0,0
1_4_3_1,1,4,3,1,WTA316266,WTA320238,WTA316266,DeuceCourt,149.93 KPH,NA,0.28 Metre,-11.5620003,-0.760999978,2.54299998,0,Faulty Serve,Net Error,True,NA,BackHand,0.9 Metre,NA,Net Error,False,False,True,-0.280000001,0.635999978,0.0320000015,T,0.898000002,0.0209999997,0.326999992,-11.5620003,-0.760999978,2.54299998,-0.280000001,0.635999978,0.0320000015,,,,,,,,,,1159.14,1,0,0,0,0,0,2,0,WTA320238,WTA316266,1,2,0,0
1_4_3_2,1,4,3,2,WTA316266,WTA320238,WTA320238,DeuceCourt,123 KPH,Pronated,NA,-11.6920004,-0.862999976,2.65499997,2,Unforced Error,NA,False,Ground,BackHand,2.56 Metre,NA,Long Error,False,False,True,4.42600012,2.13100004,0.0340000018,Body,1.13199997,0.0,1.50999999,-13.5120001,-2.17700005,1.08700001,12.0939999,2.62400007,0.0309999995,13.4960003,3.0940001,1.06799996,0.0,0.545000017,1.98199999,-9.73499966,-1.33800006,0.0320000015,1683.6,0,0,0,0,0,0,2,0,WTA320238,WTA316266,1,2,0,0
1_4_4_1,1,4,4,1,WTA316266,WTA320238,WTA320238,AdCourt,144 KPH,Pronated,NA,-11.4069996,1.28999996,2.57999992,2,Winner,NA,False,NA,BackHand,1.31 Metre,Cross Court,NA,False,False,True,4.58199978,-3.52999997,0.0340000018,Wide,1.09200001,0.0,-1.98000002,12.2539997,-6.46199989,1.10099995,-5.25500011,3.69700003,0.0340000018,12.2539997,-6.46199989,1.10099995,0.0,0.61500001,1.31299996,-5.25500011,3.69700003,0.0340000018,1137.54,0,0,0,0,0,0,2,1,WTA320238,WTA316266,1,2,0,0
1_4_5_1,1,4,5,1,WTA316266,WTA320238,WTA316266,DeuceCourt,148 KPH,Pronated,NA,-11.6459999,-0.816999972,2.56800008,3,Unforced Error,NA,False,Ground,ForeHand,2.99 Metre,NA,Long Error,False,False,True,6.39900017,0.86500001,0.0340000018,T,1.35699999,-0.0,0.414000005,13.6520004,-1.34000003,1.546,-12.885,-3.06699991,0.0350000001,13.2349997,1.17900002,1.15199995,0.0,0.352999985,1.92499995,-10.9239998,-0.423000008,0.0329999998,2172.36,0,0,0,0,0,0,2,2,WTA320238,WTA316266,1,2,0,0
1_4_6_1,1,4,6,1,WTA316266,WTA320238,WTA316266,AdCourt,148 KPH,Pronated,NA,-11.7679996,2.13499999,2.55800009,3,Winner,NA,False,Ground,BackHand,1.47 Metre,Down the Line,NA,False,False,True,4.35300016,-3.18899989,0.0340000018,Wide,1.03999996,0.0,-1.59599996,-10.6339998,1.08299994,1.61699998,8.59300041,2.37400007,0.0309999995,11.8640003,-6.27299976,1.05200005,0.0,-2.29500008,2.648,-7.58799982,0.196999997,0.0320000015,1650.72,0,0,0,0,0,0,3,2,WTA320238,WTA316266,1,2,0,0
1_5_1_1,1,5,1,1,WTA320238,WTA316266,WTA316266,DeuceCourt,143 KPH,Slice,NA,11.3599997,1.45299995,2.59599996,2,Unforced Error,NA,False,Ground,ForeHand,1.32 Metre,NA,Wide Error,False,False,True,-4.73099995,-1.92700005,0.0320000015,Body,1.06400001,0.0,-0.81099999,11.7069998,1.01699996,1.11099994,-5.06599998,-4.24800014,0.0309999995,-13.033,-4.34000015,1.21399999,0.0,-1.46399999,1.38900006,5.6869998,-0.39199999,0.0329999998,2500.26,0,0,0,0,0,0,0,0,WTA320238,WTA316266,1,3,0,0
1_5_2_1,1,5,2,1,WTA320238,WTA316266,WTA316266,AdCourt,144 KPH,Slice,NA,11.3800001,-1.58299994,2.58699989,4,Winner,NA,False,Ground,BackHand,1.67 Metre,Cross Court,NA,False,False,True,-5.64900017,3.54699993,0.0350000001,Wide,1.25100005,0.0,1.94000006,-14.1669998,-0.0130000003,1.56599998,8.49400043,1.95899999,0.0340000018,-12.6490002,5.3499999,1.33000004,-0.0,1.59500003,1.89499998,9.11499977,-0.927999973,0.0329999998,1690.92,0,0,0,0,0,0,0,1,WTA320238,WTA316266,1,3,0,0
1_5_3_1,1,5,3,1,WTA320238,WTA316266,WTA320238,DeuceCourt,155 KPH,Flat,NA,11.4560003,1.16100001,2.56399989,3,Winner,NA,False,Ground,ForeHand,1.06 Metre,Cross Court,NA,False,False,True,-4.42500019,-0.177000001,0.0329999998,T,0.970000029,0.0,0.228,11.9829998,-2.01600003,1.34800005,-6.04199982,3.53299999,0.0340000018,-13.6009998,-1.24300003,1.33000004,-0.0,-1.23500001,3.16300011,9.86699963,-1.66499996,0.0329999998,1963.8,0,0,0,0,0,0,0,2,WTA320238,WTA316266,1,3,0,0
1_5_4_1,1,5,4,1,WTA320238,WTA316266,WTA316266,AdCourt,130 KPH,Slice,NA,11.1800003,-1.85899997,2.48900008,2,Forced Error,NA,False,Ground,BackHand,2.28 Metre,NA,NA,False,False,True,-4.72399998,1.93700004,0.0340000018,Body,1.12899995,0.0,0.941999972,12.198,1.18599999,0.861999989,-9.62699986,-2.48099995,0.0329999998,-13.9250002,3.75999999,1.41299999,0.0,2.17700005,2.71300006,10.7399998,1.403,0.0329999998,1938.18,0,0,0,0,0,0,1,2,WTA320238,WTA316266,1,3,0,0
1_5_5_1,1,5,5,1,WTA320238,WTA316266,WTA316266,DeuceCourt,152.7 KPH,Slice,0.18 Metre,11.4040003,1.14100003,2.58299994,0,Faulty Serve,Net Error,True,NA,BackHand,0.82 Metre,NA,Net Error,True,False,True,0.180999994,-0.600000024,0.0320000015,T,0.824999988,0.0120000001,-0.703999996,11.4040003,1.14100003,2.58299994,0.180999994,-0.600000024,0.0320000015,,,,,,,,,,NA,1,0,0,0,0,0,1,3,WTA320238,WTA316266,1,3,0,0
1_5_5_2,1,5,5,2,WTA320238,WTA316266,WTA316266,DeuceCourt,134 KPH,Slice,NA,11.4420004,0.88499999,2.55299997,2,Forced Error,NA,False,Ground,BackHand,1.22 Metre,NA,NA,True,True,True,-5.95900011,-2.85700011,0.0329999998,Wide,1.38399994,0.0,-1.35699999,12.1540003,5.05999994,1.10599995,-5.32700014,-2.80200005,0.0329999998,-11.6499996,-4.35900021,1.40199995,-0.0,0.248999998,1.59599996,6.74700022,2.83200002,0.0340000018,2193.78,0,0,0,0,0,0,1,3,WTA320238,WTA316266,1,3,0,0
1_6_1_1,1,6,1,1,WTA316266,WTA320238,WTA316266,DeuceCourt,140 KPH,Pronated,NA,11.5249996,0.609000027,2.59699988,3,Winner,NA,False,Ground,ForeHand,1.24 Metre,Down the Line,NA,False,False,True,-4.45499992,-0.42899999,0.0320000015,T,1.02600002,0.0,-0.241999999,10.7309999,0.0240000002,1.07799995,-8.22599983,2.42400002,0.0329999998,-13.4510002,-0.57099998,1.36500001,0.0,-0.284000009,1.49600005,5.84399986,-0.0939999968,0.0340000018,2314.02,0,0,0,0,0,0,0,0,WTA320238,WTA316266,1,4,0,0
1_6_2_1,1,6,2,1,WTA316266,WTA320238,WTA320238,AdCourt,135 KPH,Pronated,NA,11.5480003,-0.555000007,2.42000008,2,Unforced Error,NA,False,Ground,BackHand,2.18 Metre,NA,Long Error,False,False,True,-5.55499983,2.273,0.0340000018,Body,1.22500002,0.0,1.30700004,12.3050003,0.57099998,0.560000002,-12.2670002,-2.08899999,0.0329999998,-12.6719999,3.63800001,1.21099997,-0.0,2.46000004,2.80999994,9.61100006,1.33599997,0.0329999998,2069.22,0,0,0,0,0,0,1,0,WTA320238,WTA316266,1,4,0,0
1_6_3_1,1,6,3,1,WTA316266,WTA320238,WTA320238,DeuceCourt,140.47 KPH,NA,0.14 Metre,11.4949999,0.953000009,2.5,0,Faulty Serve,Net Error,True,NA,NA,0.87 Metre,NA,Net Error,False,False,True,0.140000001,-0.43900001,0.0320000015,T,0.865999997,-0.0799999982,-0.294,11.4949999,0.953000009,2.5,0.140000001,-0.43900001,0.0320000015,,,,,,,,,,NA,1,0,0,0,0,0,1,1,WTA320238,WTA316266,1,4,0,0
1_6_3_2,1,6,3,2,WTA316266,WTA320238,WTA320238,DeuceCourt,130 KPH,Pronated,NA,11.7110004,1.14499998,2.57599998,0,DoubleFault,NA,False,NA,BackHand,1.66 Metre,NA,NA,False,False,True,-7.68599987,-1.00899994,0.0320000015,T,1.66299999,0.0,-0.370999992,11.7110004,1.14499998,2.57599998,-7.68599987,-1.00899994,0.0320000015,,,,,,,,,,1096.92,1,1,0,0,0,0,1,1,WTA320238,WTA316266,1,4,0,0
1_6_4_1,1,6,4,1,WTA316266,WTA320238,WTA316266,AdCourt,132 KPH,Pronated,NA,11.6219997,-0.806999981,2.55299997,1,Winner,NA,False,NA,BackHand,1.01 Metre,Cross Court,NA,False,False,True,-4.14799976,3.73799992,0.0340000018,Wide,1.01300001,0.0,2.40899992,11.6219997,-0.806999981,2.55299997,-4.14799976,3.73799992,0.0340000018,,,,,,,,,,0,0,0,0,0,1,0,1,2,WTA320238,WTA316266,1,4,0,0
1_6_5_1,1,6,5,1,WTA316266,WTA320238,WTA320238,DeuceCourt,146 KPH,Pronated,NA,11.4940004,0.746999979,2.579,2,Forced Error,NA,True,Ground,BackHand,0.91 Metre,NA,NA,False,False,True,-5.0710001,-1.18200004,0.0320000015,T,1.08200002,0.0,-0.662,11.3360004,5.25899982,0.680000007,0.223000005,1.09399998,0.0320000015,-13.8140001,-1.91900003,1.20700002,0.0,1.98300004,1.28699994,4.92399979,3.46700001,0.0329999998,NA,0,0,0,0,0,0,2,2,WTA320238,WTA316266,1,4,0,0
1_6_6_1,1,6,6,1,WTA316266,WTA320238,WTA320238,AdCourt,143.3 KPH,NA,0.22 Metre,11.6780005,-0.876999974,2.59699988,0,Faulty Serve,Net Error,True,NA,BackHand,0.92 Metre,NA,Net Error,True,False,True,0.222000003,2.33200002,0.0329999998,Body,0.924000025,-0.00200000009,2.273,11.6780005,-0.876999974,2.59699988,0.222000003,2.33200002,0.0329999998,,,,,,,,,,NA,1,0,0,0,0,0,2,3,WTA320238,WTA316266,1,4,0,0
1_6_6_2,1,6,6,2,WTA316266,WTA320238,WTA316266,AdCourt,128 KPH,Pronated,NA,11.691,-0.781000018,2.56599998,3,Forced Error,NA,False,Ground,BackHand,NA,NA,NA,True,False,True,-4.03499985,2.6500001,0.0340000018,Body,0.991999984,-0.0,1.60899997,-13.4379997,2.5079999,0.708999991,8.54800034,-2.78699994,0.0320000015,-10.9589996,4.48799992,1.35599995,-0.0,0.573000014,1.33500004,7.1960001,-1.81299996,0.0340000018,1684.32,0,0,0,0,0,0,2,3,WTA320238,WTA316266,1,4,0,0
1_6_7_1,1,6,7,1,WTA316266,WTA320238,WTA316266,DeuceCourt,152 KPH,Pronated,NA,11.5229998,0.924000025,2.55599999,1,Forced Error,NA,True,NA,ForeHand,0.71 Metre,NA,NA,False,False,True,-4.94500017,-3.2420001,0.0309999995,Wide,1.08000004,0.0,-2.05699992,-12.8360004,-5.0,1.21500003,-0.333000004,-2.52800012,0.0309999995,-12.8360004,-5.0,1.21500003,0.00999999978,-2.8269999,0.711000025,-0.333000004,-2.52800012,0.0309999995,2079.78,0,0,0,0,0,0,3,3,WTA320238,WTA316266,1,4,0,0
1_6_8_1,1,6,8,1,WTA316266,WTA320238,WTA316266,AdCourt,143.72 KPH,NA,0.43 Metre,11.5299997,-0.70599997,2.63599992,0,Faulty Serve,Net Error,True,NA,ForeHand,0.88 Metre,NA,Net Error,False,False,True,0.174999997,-0.39199999,0.0320000015,T,0.883000016,-0.0120000001,-0.264999986,11.5299997,-0.70599997,2.63599992,0.174999997,-0.39199999,0.0320000015,,,,,,,,,,NA,1,0,0,0,0,0,4,3,WTA320238,WTA316266,1,4,0,0
1_6_8_2,1,6,8,2,WTA316266,WTA320238,WTA320238,AdCourt,133 KPH,Pronated,NA,11.8339996,-0.681999981,2.5539999,2,Unforced Error,NA,False,Ground,ForeHand,1.49 Metre,NA,NA,False,False,True,-5.19799995,2.49399996,0.0340000018,Body,1.26800001,0.0,1.30900002,12.2989998,1.17299998,1.05700004,-8.0,-2.69199991,0.0329999998,-10.8000002,3.96399999,1.22899997,-0.0,2.5539999,1.38399994,6.82399988,1.86500001,0.0340000018,2402.16,0,0,0,0,0,0,4,3,WTA320238,WTA316266,1,4,0,0
1_6_9_1,1,6,9,1,WTA316266,WTA320238,WTA320238,DeuceCourt,148 KPH,Pronated,NA,11.4549999,1.05999994,2.59299994,2,Forced Error,NA,False,Ground,ForeHand,1.79 Metre,NA,NA,False,False,True,-5.35200024,-3.1559999,0.0309999995,Wide,1.16299999,0.0,-1.89999998,13.9219999,0.409000009,1.26900005,-8.06700039,2.57599998,0.0340000018,-13.0159998,-4.85900021,1.19799995,-0.0,-2.33999991,2.16400003,10.2709999,-0.426999986,0.0329999998,1875.54,0,0,0,0,0,0,4,4,WTA320238,WTA316266,1,4,0,0
1_6_10_1,1,6,10,1,WTA316266,WTA320238,WTA316266,AdCourt,139 KPH,Pronated,NA,11.7320004,-1.08099997,2.57299995,3,Unforced Error,NA,False,Ground,ForeHand,1.32 Metre,NA,NA,True,True,True,-4.2420001,3.08599997,0.0340000018,Wide,1.01100004,0.0,1.87100005,-13.5349998,-0.943000019,0.864000022,6.51300001,1.68499994,0.0340000018,-11.2390003,5.2670002,1.352,0.0,0.716000021,1.08200002,5.28900003,-1.34800005,0.0350000001,1919.52,0,0,0,0,0,0,4,5,WTA320238,WTA316266,1,4,0,0
1_6_11_1,1,6,11,1,WTA316266,WTA320238,WTA316266,DeuceCourt,149 KPH,Pronated,NA,11.5459995,0.94599998,2.58699989,3,Forced Error,NA,True,Ground,ForeHand,1.46 Metre,NA,NA,False,False,True,-4.98199987,-0.107000001,0.0320000015,T,1.074,-0.0,0.108000003,-11.6490002,-3.74300003,0.574999988,-4.41200018,4.615,0.0340000018,-13.9779997,-0.234999999,1.20299995,0.0,0.453000009,3.773,5.07800007,0.398999989,0.0320000015,1238.94,0,0,0,0,0,0,5,5,WTA320238,WTA316266,1,4,0,0
1_6_12_1,1,6,12,1,WTA316266,WTA320238,WTA316266,AdCourt,151 KPH,Pronated,NA,11.5080004,-0.628000021,2.52200007,1,Forced Error,NA,False,NA,ForeHand,3.27 Metre,NA,NA,False,False,True,-6.02400017,0.765999973,0.0320000015,T,1.17799997,0.0,0.268999994,-12.3360004,1.30599999,1.07000005,12.3559999,-4.38500023,0.0309999995,-12.3360004,1.30599999,1.07000005,0.0,-1.20500004,3.26799989,12.3559999,-4.38500023,0.0309999995,1355.64,0,0,0,0,0,0,6,5,WTA320238,WTA316266,1,4,0,0
1_7_1_1,1,7,1,1,WTA320238,WTA316266,WTA320238,DeuceCourt,131 KPH,Slice,NA,-11.5220003,-0.94599998,2.5769999,1,Forced Error,NA,False,NA,BackHand,2.15 Metre,NA,NA,False,False,True,4.5999999,3.49699998,0.0329999998,Wide,1.14699996,-0.0,2.00399995,11.8500004,6.17500019,1.19799995,-12.2399998,-0.0,0.0329999998,11.8500004,6.17500019,1.19799995,0.0,2.92400002,2.148,-12.2399998,-0.0,0.0329999998,1252.14,0,0,0,0,0,0,0,0,WTA320238,WTA316266,1,5,0,0
1_7_2_1,1,7,2,1,WTA320238,WTA316266,WTA320238,AdCourt,149 KPH,Slice,NA,-11.2410002,1.71500003,2.546,1,Forced Error,NA,True,NA,BackHand,0.47 Metre,NA,NA,False,False,True,4.25,-0.451000005,0.0320000015,T,0.977999985,0.0,0.0280000009,14.1470003,-1.28600001,1.12300003,0.698000014,0.501999974,0.0320000015,14.1470003,-1.28600001,1.12300003,-0.0109999999,0.546000004,0.469000012,0.698000014,0.501999974,0.0320000015,2176.98,0,0,0,0,0,0,1,0,WTA320238,WTA316266,1,5,0,0
1_7_3_1,1,7,3,1,WTA320238,WTA316266,WTA316266,DeuceCourt,158 KPH,Flat,NA,-11.4110003,-1.30700004,2.52900004,2,Unforced Error,NA,False,Ground,BackHand,0.99 Metre,NA,NA,False,False,True,4.63800001,0.337000012,0.0320000015,T,0.99000001,0.0,-0.187000006,-11.5830002,1.97599995,0.86500001,7.08599997,-0.763000011,0.0340000018,12.9729996,1.40499997,1.28699994,0.0,1.66299999,1.02699995,-4.98099995,1.80499995,0.0340000018,1650.42,0,0,0,0,0,0,2,0,WTA320238,WTA316266,1,5,0,0
1_7_4_1,1,7,4,1,WTA320238,WTA316266,WTA316266,AdCourt,151 KPH,Slice,NA,-11.4549999,1.50699997,2.58699989,2,Unforced Error,NA,False,Ground,ForeHand,1.23 Metre,NA,NA,False,False,True,4.8210001,-3.2349999,0.0329999998,Wide,1.08899999,0.0,-1.92799997,-12.1420002,1.90799999,0.907000005,7.51399994,0.119000003,0.0340000018,12.427,-5.09700012,1.09899998,0.0,-1.55900002,1.44200003,-8.16499996,0.749000013,0.0320000015,1870.56,0,0,0,0,0,0,2,1,WTA320238,WTA316266,1,5,0,0
1_7_5_1,1,7,5,1,WTA320238,WTA316266,WTA320238,DeuceCourt,142 KPH,Flat,NA,-11.427,-0.952000022,2.44400001,1,Unforced Error,NA,True,NA,ForeHand,0.69 Metre,NA,Net Error,False,False,True,5.52799988,2.20300007,0.0340000018,Body,1.22099996,0.0,1.03900003,12.3050003,3.704,1.15499997,0.444000006,-1.22099996,0.0320000015,12.3050003,3.704,1.15499997,-0.00200000009,-0.582000017,0.689999998,0.444000006,-1.22099996,0.0320000015,2059.5,0,0,0,0,0,0,2,2,WTA320238,WTA316266,1,5,0,0
1_7_6_1,1,7,6,1,WTA320238,WTA316266,WTA320238,AdCourt,119.66 KPH,NA,0.36 Metre,-11.2250004,1.71700001,2.60800004,0,Faulty Serve,Net Error,True,NA,ForeHand,0.76 Metre,NA,Net Error,False,False,True,-0.549000025,-4.47599983,0.0309999995,Wide,0.762000024,0.00200000009,-2.477,-11.2250004,1.71700001,2.60800004,-0.549000025,-4.47599983,0.0309999995,,,,,,,,,,938.7,1,0,0,0,0,0,3,2,WTA320238,WTA316266,1,5,0,0
1_7_6_2,1,7,6,2,WTA320238,WTA316266,WTA320238,AdCourt,124 KPH,Flat,NA,-11.4200001,1.79799998,2.58599997,3,Unforced Error,NA,False,Ground,ForeHand,2.24 Metre,NA,Long Error,False,False,True,4.6079998,-2.91199994,0.0340000018,Wide,1.25600004,0.0,-1.75999999,13.3780003,-1.17900002,0.791000009,-12.885,-0.0900000036,0.0329999998,12.0459995,-4.85599995,1.50899994,0.0,-1.03499997,1.67799997,-8.46100044,1.50699997,0.0329999998,1591.98,0,0,0,0,0,0,3,2,WTA320238,WTA316266,1,5,0,0
1_8_1_1,1,8,1,1,WTA316266,WTA320238,WTA316266,DeuceCourt,149.73 KPH,Pronated,1.65 Metre,-11.5170002,-0.725000024,2.54200006,0,Faulty Serve,Long Error,False,NA,ForeHand,1.51 Metre,NA,NA,False,False,True,8.04599953,1.35699999,0.0340000018,T,1.50600004,-0.0,0.648000002,-11.5170002,-0.725000024,2.54200006,8.04599953,1.35699999,0.0340000018,,,,,,,,,,NA,1,0,0,0,0,0,0,0,WTA320238,WTA316266,2,5,0,0
1_8_1_2,1,8,1,2,WTA316266,WTA320238,WTA316266,DeuceCourt,125 KPH,Pronated,NA,-11.7270002,-0.902999997,2.60500002,3,Winner,NA,False,Ground,ForeHand,1.64 Metre,Down the Line,NA,False,False,True,4.37400007,1.03799999,0.0309999995,T,1.13999999,0.0,0.731000006,-11.5530005,0.474999994,1.54999995,10.0109997,3.6400001,0.0329999998,13.8520002,1.30999994,0.873000026,-0.0,0.995999992,2.11599994,-7.25600004,0.818000019,0.0320000015,1555.14,0,0,0,0,0,0,0,0,WTA320238,WTA316266,2,5,0,0
1_8_2_1,1,8,2,1,WTA316266,WTA320238,WTA316266,AdCourt,152 KPH,Pronated,NA,-11.5480003,0.850000024,2.53699994,3,Unforced Error,NA,False,Ground,ForeHand,1.18 Metre,NA,NA,False,False,True,6.15399981,-1.07299995,0.0350000001,T,1.25100005,-0.0,-0.277999997,14.1859999,-2.87100005,0.998000026,-7.02600002,1.579,0.0329999998,12.2930002,-2.07500005,0.986000001,0.0,-1.60399997,2.67700005,-9.7840004,-1.42999995,0.0320000015,2024.4,0,0,0,0,0,0,1,0,WTA320238,WTA316266,2,5,0,0
1_8_3_1,1,8,3,1,WTA316266,WTA320238,WTA320238,DeuceCourt,139 KPH,Pronated,NA,-11.5609999,-1.10099995,2.625,4,Winner,NA,False,Ground,ForeHand,1.26 Metre,Down the Line,NA,False,False,True,4.7750001,2.62100005,0.0329999998,Body,1.10399997,0.0,1.60500002,14.1280003,2.977,0.978999972,-6.77799988,3.73600006,0.0350000001,12.9799995,4.17199993,1.18200004,0.0,1.59000003,2.02399993,-7.09000015,0.119000003,0.0320000015,2223.12,0,0,0,0,0,0,2,0,WTA320238,WTA316266,2,5,0,0
1_8_4_1,1,8,4,1,WTA316266,WTA320238,WTA316266,AdCourt,137 KPH,Pronated,NA,-11.4729996,2.079,2.53600001,1,Ace,NA,False,NA,ForeHand,1.1 Metre,Cross Court,NA,False,False,True,4.66599989,-4.08699989,0.0340000018,Wide,1.09800005,0.0,-2.0940001,-11.4729996,2.079,2.53600001,4.66599989,-4.08699989,0.0340000018,,,,,,,,,,NA,0,0,0,1,0,0,2,1,WTA320238,WTA316266,2,5,0,0
1_8_5_1,1,8,5,1,WTA316266,WTA320238,WTA316266,DeuceCourt,149 KPH,Pronated,NA,-11.4940004,-0.834999979,2.55800009,3,Unforced Error,NA,False,Ground,ForeHand,2.44 Metre,NA,Long Error,False,False,True,5.21199989,1.51900005,0.0340000018,Body,1.10300004,-0.0,0.861999989,13.1330004,-2.0539999,1.90799999,-12.885,1.56599998,0.0329999998,13.1590004,2.35700011,1.11699998,0.0,2.94499993,2.11100006,-9.4119997,3.17700005,0.0340000018,1523.94,0,0,0,0,0,1,3,1,WTA320238,WTA316266,2,5,0,0
2_1_1_1,2,1,1,1,WTA320238,WTA316266,WTA320238,DeuceCourt,143.35 KPH,Slice,0.11 Metre,11.3210001,0.845000029,2.4920001,0,Faulty Serve,Net Error,True,NA,ForeHand,0.85 Metre,NA,Net Error,False,False,True,0.112000003,-1.42200005,0.0320000015,Body,0.845000029,-0.0960000008,-1.51199996,11.3210001,0.845000029,2.4920001,0.112000003,-1.42200005,0.0320000015,,,,,,,,,,1111.32,1,0,0,0,0,0,0,0,WTA320238,WTA316266,0,0,0,1
2_1_1_2,2,1,1,2,WTA320238,WTA316266,WTA320238,DeuceCourt,133 KPH,Slice,NA,11.4709997,0.845000029,2.50699997,1,Unforced Error,NA,False,NA,ForeHand,1.99 Metre,NA,Long Error,False,False,True,-4.92299986,-2.46300006,0.0320000015,Body,1.17900002,0.0,-1.23899996,-11.4799995,-4.25199986,1.36600006,12.427,1.49300003,0.0329999998,-11.4799995,-4.25199986,1.36600006,0.0,-1.801,1.99399996,12.427,1.49300003,0.0329999998,1129.08,0,0,0,0,0,0,0,0,WTA320238,WTA316266,0,0,0,1
2_1_2_1,2,1,2,1,WTA320238,WTA316266,WTA320238,AdCourt,150 KPH,Slice,NA,11.434,-1.449,2.53399992,3,Forced Error,NA,False,Ground,BackHand,1.46 Metre,NA,NA,False,False,True,-6.26499987,3.16199994,0.0340000018,Wide,1.255,0.0,1.64999998,-10.5380001,2.74600005,1.85699999,8.13500023,2.58699989,0.0309999995,-14.2959995,4.93499994,1.26100004,0.0,0.134000003,2.98799992,10.8369999,-3.26200008,0.0350000001,1075.92,0,0,0,0,0,0,1,0,WTA320238,WTA316266,0,0,0,1
2_1_3_1,2,1,3,1,WTA320238,WTA316266,WTA320238,DeuceCourt,133 KPH,Slice,NA,11.3380003,1.01100004,2.51699996,1,Forced Error,NA,False,NA,BackHand,2.31 Metre,NA,NA,False,False,True,-5.08400011,-3.39499998,0.0309999995,Wide,1.18900001,0.0,-1.81400001,-12.3959999,-5.92999983,1.29100001,12.2270002,0.201000005,0.0340000018,-12.3959999,-5.92999983,1.29100001,0.0,-2.51399994,2.31100011,12.2270002,0.201000005,0.0340000018,1698.12,0,0,0,0,0,0,2,0,WTA320238,WTA316266,0,0,0,1
2_1_4_1,2,1,4,1,WTA320238,WTA316266,WTA316266,AdCourt,154 KPH,Flat,NA,11.3039999,-1.37800002,2.546,2,Unforced Error,NA,False,Ground,ForeHand,1.37 Metre,NA,NA,False,False,True,-5.96999979,2.4230001,0.0340000018,Body,1.20700002,0.0,1.20200002,11.5100002,-4.21199989,1.35699999,-8.77099991,-1.85599995,0.0329999998,-13.4510002,3.84500003,1.046,0.0,-0.508000016,1.91100001,5.68499994,-2.24900007,0.0340000018,1555.2,0,0,0,0,0,0,3,0,WTA320238,WTA316266,0,0,0,1
2_1_5_1,2,1,5,1,WTA320238,WTA316266,WTA320238,DeuceCourt,151 KPH,Flat,NA,11.4569998,1.27499998,2.57599998,3,Winner,NA,False,Ground,BackHand,1.36 Metre,Down the Line,NA,False,False,True,-5.69299984,-1.67499995,0.0320000015,Body,1.16700006,0.0,-0.60799998,10.4700003,4.99800014,1.16499996,-8.23799992,2.9849999,0.0329999998,-13.1590004,-3.20499992,1.18400002,-0.0,0.981999993,4.11499977,8.33899975,4.05100012,0.0299999993,2984.4,0,0,0,0,0,0,3,1,WTA320238,WTA316266,0,0,0,1
2_2_1_1,2,2,1,1,WTA316266,WTA320238,WTA316266,DeuceCourt,147 KPH,Pronated,NA,11.6190004,0.721000016,2.58299994,3,Unforced Error,NA,False,Ground,BackHand,1.87 Metre,NA,NA,False,False,True,-5.00699997,-0.606000006,0.0320000015,T,1.07500005,-0.0,-0.316000015,-13.5909996,0.935000002,1.47000003,10.5810003,0.999000013,0.0340000018,-12.9320002,-0.885999978,1.10699999,-0.0,-0.0540000014,1.98099995,11.6809998,0.583999991,0.0340000018,1515.84,0,0,0,0,0,0,0,0,WTA320238,WTA316266,1,0,0,1
2_2_2_1,2,2,2,1,WTA316266,WTA320238,WTA316266,AdCourt,155.18 KPH,NA,0.18 Metre,11.3839998,-0.638999999,2.47799993,0,Faulty Serve,Net Error,True,NA,ForeHand,0.86 Metre,NA,Net Error,False,False,True,0.178000003,0.688000023,0.0320000015,T,0.855000019,0.00600000005,0.638999999,11.3839998,-0.638999999,2.47799993,0.178000003,0.688000023,0.0320000015,,,,,,,,,,1048.98,1,0,0,0,0,0,1,0,WTA320238,WTA316266,1,0,0,1
2_2_2_2,2,2,2,2,WTA316266,WTA320238,WTA320238,AdCourt,125 KPH,Pronated,NA,11.6540003,-0.68599999,2.54299998,4,Winner,NA,False,Ground,ForeHand,1.69 Metre,Cross Court,NA,False,False,True,-3.92499995,2.4519999,0.0329999998,Body,1.01600003,0.0,1.52400005,-12.6639996,2.51699996,1.051,8.66899967,-1.102,0.0350000001,-10.9720001,4.23699999,1.41299999,0.0,1.426,1.90699995,8.98999977,-0.904999971,0.0350000001,2201.4,0,0,0,0,0,0,1,0,WTA320238,WTA316266,1,0,0,1
2_2_3_1,2,2,3,1,WTA316266,WTA320238,WTA320238,DeuceCourt,152 KPH,Pronated,NA,11.4499998,0.638999999,2.53999996,2,Forced Error,NA,True,Ground,BackHand,1.95 Metre,NA,NA,False,False,True,-5.38100004,-0.796000004,0.0320000015,T,1.08299994,0.0,-0.407000005,,,,,,,-12.6379995,-1.14300001,1.11300004,-0.0,1.63399994,1.61500001,8.88000011,3.7019999,0.0309999995,NA,0,0,0,0,0,0,1,1,WTA320238,WTA316266,1,0,0,1
2_2_4_1,2,2,4,1,WTA316266,WTA320238,WTA320238,AdCourt,141.12 KPH,Pronated,0.14 Metre,11.7279997,-0.432999998,2.61100006,0,Faulty Serve,Net Error,True,NA,BackHand,0.88 Metre,NA,Net Error,False,False,True,0.138999999,0.361000001,0.0320000015,T,0.876999974,-0.0710000023,0.425999999,11.7279997,-0.432999998,2.61100006,0.138999999,0.361000001,0.0320000015,,,,,,,,,,1249.32,1,0,0,0,0,0,1,2,WTA320238,WTA316266,1,0,0,1
2_2_4_2,2,2,4,2,WTA316266,WTA320238,WTA316266,AdCourt,128 KPH,Pronated,NA,11.809,-1.03499997,2.59599996,3,Unforced Error,NA,False,Ground,BackHand,2.08 Metre,NA,Long Error,False,False,True,-4.22399998,2.21300006,0.0340000018,Body,1.08800006,-0.0,1.18400002,-11.908,2.2420001,0.558000028,12.5530005,3.75399995,0.0320000015,-11.0649996,4.17600012,1.37899995,-0.0,2.76099992,1.84099996,10.8450003,1.88800001,0.0329999998,NA,0,0,0,0,0,0,1,2,WTA320238,WTA316266,1,0,0,1
2_2_5_1,2,2,5,1,WTA316266,WTA320238,WTA316266,DeuceCourt,146.24 KPH,NA,0.68 Metre,11.4919996,0.992999971,2.62899995,0,Faulty Serve,Net Error,True,NA,BackHand,0.74 Metre,NA,Net Error,False,False,True,0.67900002,-2.32599998,0.0320000015,Body,0.739000022,-0.0130000003,-1.58899999,11.4919996,0.992999971,2.62899995,0.67900002,-2.32599998,0.0320000015,,,,,,,,,,853.38,1,0,0,0,0,0,2,2,WTA320238,WTA316266,1,0,0,1
2_2_5_2,2,2,5,2,WTA316266,WTA320238,WTA316266,DeuceCourt,124 KPH,Pronated,NA,11.5430002,0.935000002,2.58500004,3,Unforced Error,NA,False,Ground,BackHand,1.65 Metre,NA,NA,False,False,True,-4.921,-1.27900004,0.0320000015,T,1.23199999,0.0,-0.801999986,-12.7950001,1.28699994,1.09800005,8.61100006,-0.486000001,0.0340000018,-11.2010002,-1.74199998,1.44599998,0.0,-2.37400007,1.05400002,5.61299992,-2.59500003,0.0340000018,1868.88,0,0,0,0,0,0,2,2,WTA320238,WTA316266,1,0,0,1
2_2_6_1,2,2,6,1,WTA316266,WTA320238,WTA316266,AdCourt,145.39 KPH,NA,0.21 Metre,11.3950005,-1.89199996,2.56500006,0,Faulty Serve,Net Error,True,NA,BackHand,0.87 Metre,NA,Net Error,False,False,True,0.213,1.27199996,0.0320000015,T,0.870999992,0.00899999961,1.23000002,11.3950005,-1.89199996,2.56500006,0.213,1.27199996,0.0320000015,,,,,,,,,,NA,1,0,0,0,0,0,3,2,WTA320238,WTA316266,1,0,0,1
2_2_6_2,2,2,6,2,WTA316266,WTA320238,WTA316266,AdCourt,120 KPH,Pronated,NA,11.717,-0.81099999,2.60800004,1,Unforced Error,NA,True,NA,BackHand,0.81 Metre,NA,Net Error,False,False,True,-3.9000001,2.69700003,0.0329999998,Body,1.06299996,0.0,1.61099994,-10.5710001,4.75500011,1.39400005,-0.194999993,-1.20099998,0.0320000015,-10.5710001,4.75500011,1.39400005,0.0489999987,-0.335999995,0.805000007,-0.194999993,-1.20099998,0.0320000015,1181.04,0,0,0,0,0,0,3,2,WTA320238,WTA316266,1,0,0,1
2_3_1_1,2,3,1,1,WTA320238,WTA316266,WTA316266,DeuceCourt,148 KPH,Slice,NA,-11.4940004,-1.08000004,2.54099989,2,Forced Error,NA,True,Ground,ForeHand,2.89 Metre,NA,NA,False,False,True,4.08199978,2.68799996,0.0329999998,Body,1.00800002,-0.0,1.58099997,-13.7939997,-4.51800013,1.28799999,-4.82700014,-4.75699997,0.0309999995,12.6020002,5.26399994,1.18700004,0.0,0.529999971,2.89100003,-11.2840004,-3.50999999,0.0350000001,1274.88,0,0,0,0,0,0,0,0,WTA320238,WTA316266,1,1,0,1
2_3_2_1,2,3,2,1,WTA320238,WTA316266,WTA320238,AdCourt,152 KPH,Slice,NA,-11.3559999,1.551,2.53900003,1,Forced Error,NA,True,NA,BackHand,0.07 Metre,NA,NA,False,False,True,5.46600008,-0.145999998,0.0329999998,T,1.18099999,0.0,0.308999985,14.6569996,-0.704999983,1.20799994,-0.191,1.13,0.0320000015,14.6569996,-0.704999983,1.20799994,0.0,1.11099994,0.0719999969,-0.191,1.13,0.0320000015,NA,0,0,0,0,0,0,0,1,WTA320238,WTA316266,1,1,0,1
2_3_3_1,2,3,3,1,WTA320238,WTA316266,WTA320238,DeuceCourt,157 KPH,Flat,NA,-11.3509998,-1.09800005,2.5079999,1,Forced Error,NA,False,NA,ForeHand,NA,NA,NA,False,False,True,6.09399986,0.228,0.0340000018,T,1.20000005,-0.0,-0.300999999,13.7309999,1.06500006,1.11800003,-12.885,2.71099997,0.0320000015,13.7309999,1.06500006,1.11800003,0.0,1.14999998,7.9369998,-12.885,2.71099997,0.0320000015,945.06,0,0,0,0,0,0,1,1,WTA320238,WTA316266,1,1,0,1
2_3_4_1,2,3,4,1,WTA320238,WTA316266,WTA316266,AdCourt,142 KPH,Flat,NA,-11.5430002,1.62899995,2.625,4,Winner,NA,False,Ground,ForeHand,1.37 Metre,Cross Court,NA,False,False,True,5.13700008,-0.600000024,0.0320000015,T,1.19500005,0.0,-0.0469999984,12.9639997,-3.29299998,0.985000014,-7.67399979,0.86500001,0.0329999998,14.2910004,-1.50600004,1.199,0.0,-0.888000011,2.26300001,-11.1560001,-0.558000028,0.0329999998,2422.98,0,0,0,0,0,0,2,1,WTA320238,WTA316266,1,1,0,1
2_3_5_1,2,3,5,1,WTA320238,WTA316266,WTA320238,DeuceCourt,129 KPH,Slice,NA,-11.4160004,-0.851999998,2.52900004,3,Winner,NA,False,Volley,ForeHand,3.93 Metre,NA,NA,False,False,True,5.33400011,3.90199995,0.0329999998,Wide,1.38,0.0,2.17000008,-1.92400002,2.68600011,3.84599996,-7.7670002,1.15799999,0.0329999998,12.3030005,6.15799999,1.40499997,-0.0,2.99699998,3.93400002,-7.7670002,1.15799999,0.0329999998,0,0,0,0,0,0,0,2,2,WTA320238,WTA316266,1,1,0,1
2_3_6_1,2,3,6,1,WTA320238,WTA316266,WTA320238,AdCourt,158 KPH,Flat,NA,-11.3590002,1.54200006,2.53999996,3,Unforced Error,NA,False,Ground,BackHand,2.54 Metre,NA,Long Error,False,False,True,6.39300013,-2.03399992,0.0340000018,Body,1.28699994,-0.0,-0.84799999,13.3739996,0.755999982,0.880999982,-12.885,1.74199998,0.0329999998,12.3979998,-3.07800007,1.02400005,0.0,-0.149000004,2.18300009,-8.84399986,1.39900005,0.0329999998,2484.3,0,0,0,0,0,0,3,2,WTA320238,WTA316266,1,1,0,1
2_4_1_1,2,4,1,1,WTA316266,WTA320238,WTA316266,DeuceCourt,145 KPH,Pronated,NA,-11.559,-0.772000015,2.56299996,3,Unforced Error,NA,False,Ground,ForeHand,1.93 Metre,NA,NA,False,False,True,4.55299997,0.568000019,0.0309999995,T,1.01699996,-0.0,0.32100001,13.2340002,-3.57500005,1.32599998,-8.84599972,0.467999995,0.0320000015,12.9469995,0.722000003,1.153,0.0,-0.717000008,1.56500006,-9.20499992,-1.94700003,0.0329999998,2110.2,0,0,0,0,0,0,0,0,WTA320238,WTA316266,2,1,0,1
2_4_2_1,2,4,2,1,WTA316266,WTA320238,WTA316266,AdCourt,137 KPH,Pronated,NA,-11.4840002,1.16900003,2.60400009,3,Unforced Error,NA,False,Ground,BackHand,1.94 Metre,NA,NA,False,False,True,5.58199978,-3.05999994,0.0350000001,Wide,1.31200004,-0.0,-1.46300006,11.7709999,-0.481999993,0.885999978,-10.4420004,2.31399989,0.0329999998,10.8649998,-4.78399992,1.20099998,0.0,-2.20300007,1.46399999,-8.95199966,-0.368000001,0.0320000015,2362.98,0,0,0,0,0,0,1,0,WTA320238,WTA316266,2,1,0,1
2_4_3_1,2,4,3,1,WTA316266,WTA320238,WTA316266,DeuceCourt,155.5 KPH,Pronated,3.88 Metre,-11.4729996,-0.846000016,2.56699991,0,Faulty Serve,Long Error,False,NA,BackHand,1.8 Metre,NA,Wide Error,False,False,True,10.243,4.64400005,0.0340000018,Wide,1.79700005,0.0,2.15700006,-11.4729996,-0.846000016,2.56699991,10.243,4.64400005,0.0340000018,,,,,,,,,,NA,1,0,0,0,0,0,2,0,WTA320238,WTA316266,2,1,0,1
2_4_3_2,2,4,3,2,WTA316266,WTA320238,WTA316266,DeuceCourt,120 KPH,Pronated,NA,-11.8540001,-0.907999992,2.61599994,1,Forced Error,NA,False,NA,BackHand,1.7 Metre,NA,NA,False,False,True,3.91400003,0.802999973,0.0320000015,T,1.11099994,0.0,0.565999985,10.5290003,0.89200002,1.403,-8.85900021,4.615,0.0329999998,10.5290003,0.89200002,1.403,-0.0,3.45099998,1.69599998,-8.85900021,4.615,0.0329999998,1193.34,0,0,0,0,0,0,2,0,WTA320238,WTA316266,2,1,0,1
2_4_4_1,2,4,4,1,WTA316266,WTA320238,WTA316266,AdCourt,138 KPH,Pronated,NA,-11.5780001,0.977999985,2.56800008,1,Forced Error,NA,False,NA,BackHand,2.15 Metre,NA,NA,False,False,True,6.27400017,-3.76399994,0.0350000001,Wide,1.36600006,-0.0,-1.87699997,10.5880003,-5.23899984,1.074,-12.885,0.768999994,0.0340000018,10.5880003,-5.23899984,1.074,0.0,-2.49699998,2.148,-12.885,0.768999994,0.0340000018,1111.92,0,0,0,0,0,0,3,0,WTA320238,WTA316266,2,1,0,1
2_5_1_1,2,5,1,1,WTA320238,WTA316266,WTA320238,DeuceCourt,156.49 KPH,Slice,0.18 Metre,11.4650002,1.34899998,2.63599992,0,Faulty Serve,Wide Error,False,NA,ForeHand,1.11 Metre,NA,NA,False,False,True,-5.32800007,0.182999998,0.0320000015,T,1.10899997,0.0,0.657999992,11.4650002,1.34899998,2.63599992,-5.32800007,0.182999998,0.0320000015,,,,,,,,,,NA,1,0,0,0,0,0,0,0,WTA320238,WTA316266,2,2,0,1
2_5_1_2,2,5,1,2,WTA320238,WTA316266,WTA316266,DeuceCourt,128 KPH,Slice,NA,11.7159996,1.12199998,2.59899998,2,Forced Error,NA,False,Ground,ForeHand,1.27 Metre,NA,NA,False,False,True,-4.91099977,-2.32200003,0.0320000015,Body,1.22399998,-0.0,-1.11099994,12.4890003,-1.09000003,1.16799998,-8.43099976,2.31699991,0.0329999998,-12.7460003,-4.37799978,1.46300006,0.0,-2.5940001,1.51600003,6.46299982,-1.921,0.0340000018,1040.88,0,0,0,0,0,0,0,0,WTA320238,WTA316266,2,2,0,1
2_5_2_1,2,5,2,1,WTA320238,WTA316266,WTA316266,AdCourt,149 KPH,Slice,NA,11.316,-1.574,2.54999995,4,Winner,NA,False,Ground,BackHand,1.57 Metre,NA,NA,False,False,True,-5.02899981,0.232999995,0.0320000015,T,1.06900001,0.0,-0.214000002,-6.86600018,3.58599997,0.68599999,,,,-14.7659998,0.842000008,1.06500006,-0.0,1.12399995,2.00099993,8.4659996,1.77999997,0.0340000018,2349,0,0,0,0,0,0,0,1,WTA320238,WTA316266,2,2,0,1
2_5_3_1,2,5,3,1,WTA320238,WTA316266,WTA320238,DeuceCourt,158 KPH,Flat,NA,11.4469995,1.273,2.55100012,1,Forced Error,NA,False,NA,ForeHand,2.88 Metre,NA,NA,False,False,True,-5.88100004,-0.869000018,0.0320000015,T,1.16900003,0.0,-0.0430000015,-13.0690002,-1.95099998,1.14499998,12.3719997,-0.207000002,0.0340000018,-13.0690002,-1.95099998,1.14499998,-0.0,-1.02600002,2.875,12.3719997,-0.207000002,0.0340000018,1961.16,0,0,0,0,0,0,0,2,WTA320238,WTA316266,2,2,0,1
2_5_4_1,2,5,4,1,WTA320238,WTA316266,WTA320238,AdCourt,137.47 KPH,Flat,0.05 Metre,11.3249998,-1.76100004,2.55200005,0,Faulty Serve,Long Error,False,NA,ForeHand,1.47 Metre,NA,NA,False,False,True,-6.45499992,3.64499998,0.0340000018,Wide,1.47000003,0.0,1.86899996,11.3249998,-1.76100004,2.55200005,-6.45499992,3.64499998,0.0340000018,,,,,,,,,,907.2,1,0,0,0,0,0,1,2,WTA320238,WTA316266,2,2,0,1
2_5_4_2,2,5,4,2,WTA320238,WTA316266,WTA320238,AdCourt,118 KPH,Flat,NA,11.1099997,-1.82599998,2.48099995,3,Winner,NA,False,Ground,ForeHand,1.06 Metre,Down the Line,NA,False,False,True,-4.7249999,3.39899993,0.0329999998,Wide,1.23500001,0.0,2.03200006,11.8879995,-1.81400001,1.75,-6.03700018,-3.26799989,0.0340000018,-13.592,5.99599981,1.47599995,-0.0,1.56599998,3.22399998,8.17500019,-0.610000014,0.0340000018,1352.76,0,0,0,0,0,0,1,2,WTA320238,WTA316266,2,2,0,1
2_5_5_1,2,5,5,1,WTA320238,WTA316266,WTA316266,DeuceCourt,139 KPH,Slice,NA,11.4309998,0.990999997,2.52200007,4,Winner,NA,False,Ground,ForeHand,1.16 Metre,Down the Line,NA,False,False,True,-4.40299988,-2.72600007,0.0309999995,Body,1.05700004,-0.0,-1.57500005,-13.2449999,-3.15199995,1.04400003,5.7670002,-4.11800003,0.0340000018,-12.6789999,-5.14799976,1.34800005,-0.0,-1.74800003,1.62399995,7.07000017,-0.0179999992,0.0340000018,NA,0,0,0,0,0,0,2,2,WTA320238,WTA316266,2,2,0,1
2_5_6_1,2,5,6,1,WTA320238,WTA316266,WTA320238,AdCourt,150 KPH,Flat,NA,11.3149996,-1.56700003,2.53399992,1,Forced Error,NA,False,NA,ForeHand,3.75 Metre,NA,NA,True,False,True,-6.04199982,3.93300009,0.0350000001,Wide,1.19200003,0.0,2.14299989,-14.1599998,6.25199986,1.05400002,12.885,-1.87699997,0.0340000018,-14.1599998,6.25199986,1.05400002,0.0,2.21499991,3.74600005,12.885,-1.87699997,0.0340000018,NA,0,0,0,0,0,0,2,3,WTA320238,WTA316266,2,2,0,1
2_5_7_1,2,5,7,1,WTA320238,WTA316266,WTA316266,DeuceCourt,154 KPH,Slice,NA,11.4560003,1.16199994,2.54999995,2,Unforced Error,NA,True,Ground,ForeHand,0.55 Metre,NA,Net Error,False,False,True,-4.46299982,-1.66999996,0.0320000015,Body,0.98299998,0.0,-0.787999988,12.1160002,-0.312000006,0.693000019,0.533999979,2.10599995,0.0320000015,-12.9280005,-3.54099989,1.23199999,0.0,-1.66400003,1.25600004,5.56500006,-1.02199996,0.0350000001,2850.96,0,0,0,0,0,0,3,3,WTA320238,WTA316266,2,2,0,1
2_5_8_1,2,5,8,1,WTA320238,WTA316266,WTA316266,AdCourt,156 KPH,Slice,NA,11.2639999,-1.54700005,2.51099992,2,Unforced Error,NA,False,Ground,BackHand,1.35 Metre,NA,NA,True,True,True,-4.96899986,0.189999998,0.0320000015,T,1.04299998,0.0,-0.25,11.1309996,-3.21000004,0.984000027,-8.40299988,1.65499997,0.0329999998,-14.7049999,0.737999976,1.14499998,-0.0,-1.70799994,2.2019999,8.36800003,-2.88800001,0.0329999998,2196.24,0,0,0,0,0,0,3,4,WTA320238,WTA316266,2,2,0,1
2_6_1_1,2,6,1,1,WTA316266,WTA320238,WTA316266,DeuceCourt,150.67 KPH,Pronated,0.35 Metre,11.5220003,0.834999979,2.58899999,0,Faulty Serve,Long Error,False,NA,BackHand,1.35 Metre,NA,NA,False,False,True,-6.74900007,-0.755999982,0.0320000015,T,1.34899998,0.0,-0.280000001,11.5220003,0.834999979,2.58899999,-6.74900007,-0.755999982,0.0320000015,,,,,,,,,,NA,1,0,0,0,0,0,0,0,WTA320238,WTA316266,2,3,0,1
2_6_1_2,2,6,1,2,WTA316266,WTA320238,WTA316266,DeuceCourt,122 KPH,Pronated,NA,11.5310001,0.593999982,2.60599995,3,Unforced Error,NA,False,Ground,BackHand,1.96 Metre,NA,Wide Error,False,False,True,-4.43900013,-0.540000021,0.0329999998,T,1.10099995,0.0,-0.391000003,-11.9169998,2.47399998,0.967999995,10.6230001,-4.48600006,0.0359999985,-11.4429998,-0.54400003,1.30999994,0.0,-0.221000001,1.63999999,9.23900032,0.108000003,0.0340000018,1868.7,0,0,0,0,0,0,0,0,WTA320238,WTA316266,2,3,0,1
2_6_2_1,2,6,2,1,WTA316266,WTA320238,WTA320238,AdCourt,143 KPH,Pronated,NA,11.6529999,-1.01900005,2.5769999,2,Unforced Error,NA,False,NA,ForeHand,1.23 Metre,NA,NA,False,False,True,-5.26499987,2.72900009,0.0340000018,Body,1.14199996,0.0,1.45200002,,,,,,,-11.6590004,4.45300007,1.12800002,-0.0,1.94299996,1.22599995,7.82200003,0.284000009,0.0340000018,987.06,0,0,0,0,0,0,1,0,WTA320238,WTA316266,2,3,0,1
2_6_3_1,2,6,3,1,WTA316266,WTA320238,WTA316266,DeuceCourt,145 KPH,Pronated,NA,11.5459995,1.22500002,2.54500008,3,Unforced Error,NA,False,Ground,ForeHand,2.22 Metre,NA,Long Error,False,False,True,-4.60099983,-2.98799992,0.0309999995,Wide,1.06099999,-0.0,-1.83700001,-12.8459997,-2.55200005,1.08599997,12.885,-3.31800008,0.0329999998,-12.2370005,-4.76800013,1.25699997,0.0,-2.04200006,3.23200011,9.78600025,-0.140000001,0.0340000018,2082.48,0,0,0,0,0,0,1,1,WTA320238,WTA316266,2,3,0,1
2_6_4_1,2,6,4,1,WTA316266,WTA320238,WTA316266,AdCourt,142.93 KPH,Slice,0.44 Metre,11.6000004,-1.01600003,2.62700009,0,Faulty Serve,Net Error,True,NA,ForeHand,0.8 Metre,NA,Net Error,False,False,True,0.437999994,1.33700001,0.0320000015,T,0.80400002,-0.00899999961,1.38300002,11.6000004,-1.01600003,2.62700009,0.437999994,1.33700001,0.0320000015,,,,,,,,,,NA,1,0,0,0,0,0,2,1,WTA320238,WTA316266,2,3,0,1
2_6_4_2,2,6,4,2,WTA316266,WTA320238,WTA320238,AdCourt,119 KPH,Pronated,NA,11.9069996,-0.75999999,2.61299992,2,Forced Error,NA,False,Ground,ForeHand,3.11 Metre,NA,NA,False,False,True,-3.52999997,2.17199993,0.0329999998,Body,1.00699997,-0.0,1.34000003,12.9519997,-4.454,0.975000024,-12.566,-0.602999985,0.0329999998,-11.2080002,3.93499994,1.43700004,-0.0,0.405000001,1.38999999,8.02499962,-2.50099993,0.0329999998,2268.9,0,0,0,0,0,0,2,1,WTA320238,WTA316266,2,3,0,1
2_6_5_1,2,6,5,1,WTA316266,WTA320238,WTA320238,DeuceCourt,146.47 KPH,NA,0.53 Metre,11.5380001,0.904999971,2.55900002,0,Faulty Serve,Net Error,True,NA,ForeHand,0.79 Metre,NA,Net Error,False,False,True,0.52700001,-0.412999988,0.0320000015,T,0.791999996,0.00899999961,-0.0560000017,11.5380001,0.904999971,2.55900002,0.52700001,-0.412999988,0.0320000015,,,,,,,,,,NA,1,0,0,0,0,0,2,2,WTA320238,WTA316266,2,3,0,1
2_6_5_2,2,6,5,2,WTA316266,WTA320238,WTA316266,DeuceCourt,120 KPH,Pronated,NA,11.7089996,0.90200001,2.62299991,3,Winner,NA,False,Ground,ForeHand,1.61 Metre,NA,NA,False,False,True,-4.66699982,-0.749000013,0.0320000015,T,1.23199999,0.0,-0.48300001,13.073,3.1329999,0.889999986,,,,-9.77999973,-0.976000011,1.33299994,-0.0,0.716000021,1.66799998,9.91800022,2.60400009,0.0329999998,2022.9,0,0,0,0,0,0,2,2,WTA320238,WTA316266,2,3,0,1
2_6_6_1,2,6,6,1,WTA316266,WTA320238,WTA320238,AdCourt,144 KPH,Pronated,NA,11.5970001,-1.13499999,2.54900002,2,Forced Error,NA,False,Volley,ForeHand,NA,NA,NA,False,False,True,-6.01900005,3.85100007,0.0350000001,Wide,1.25999999,0.0,1.97800004,11.8479996,-0.589999974,0.0970000029,-12.5270004,-1.41299999,0.0320000015,-10.4969997,5.38800001,0.978999972,-0.0,2.55999994,1.347,11.4849997,-0.497999996,0.0329999998,1186.02,0,0,0,0,0,0,3,2,WTA320238,WTA316266,2,3,0,1
2_6_7_1,2,6,7,1,WTA316266,WTA320238,WTA316266,DeuceCourt,145 KPH,Pronated,NA,11.5909996,0.92900002,2.60100007,3,Unforced Error,NA,False,Ground,BackHand,1.7 Metre,NA,NA,False,False,True,-4.95100021,-3.28299999,0.0309999995,Wide,1.12300003,0.0,-2.09100008,-12.5769997,0.448000014,1.495,6.06599998,3.88599992,0.0340000018,-12.2150002,-4.98999977,1.255,-0.0,-1.79299998,2.56100011,11.7379999,0.925000012,0.0340000018,2630.1,0,0,0,0,0,0,3,3,WTA320238,WTA316266,2,3,0,1
2_6_8_1,2,6,8,1,WTA316266,WTA320238,WTA316266,AdCourt,152.48 KPH,Pronated,0.47 Metre,11.401,-0.896000028,2.51600003,0,Faulty Serve,Long Error,False,NA,BackHand,1.33 Metre,NA,NA,False,False,True,-6.87200022,1.78400004,0.0340000018,Body,1.329,0.0,0.666000009,11.401,-0.896000028,2.51600003,-6.87200022,1.78400004,0.0340000018,,,,,,,,,,NA,1,0,0,0,0,0,4,3,WTA320238,WTA316266,2,3,0,1
2_6_8_2,2,6,8,2,WTA316266,WTA320238,WTA316266,AdCourt,130 KPH,Pronated,NA,11.6129999,-1.03699994,2.57399988,3,Unforced Error,NA,False,Ground,BackHand,1.89 Metre,NA,NA,False,False,True,-4.56400013,2.15799999,0.0340000018,Body,1.12199998,0.0,1.04400003,-12.7040005,3.11599994,1.27699995,11.1599998,-2.66599989,0.0340000018,-10.7139997,3.95900011,1.29999995,0.0,1.94400001,1.95299995,11.5900002,0.287,0.0340000018,1004.4,0,0,0,0,0,0,4,3,WTA320238,WTA316266,2,3,0,1
2_7_1_1,2,7,1,1,WTA320238,WTA316266,WTA316266,DeuceCourt,139.09 KPH,NA,0.21 Metre,-11.4700003,-1.20099998,2.56599998,0,Faulty Serve,Net Error,True,NA,NA,0.91 Metre,NA,Net Error,False,False,True,-0.209999993,2.05100012,0.0340000018,Body,0.908999979,0.00600000005,1.96300006,-11.4700003,-1.20099998,2.56599998,-0.209999993,2.05100012,0.0340000018,,,,,,,,,,1334.52,1,0,0,0,0,0,0,0,WTA320238,WTA316266,2,4,0,1
2_7_1_2,2,7,1,2,WTA320238,WTA316266,WTA316266,DeuceCourt,135 KPH,NA,0.02 Metre,-11.5139999,-0.890999973,2.53999996,0,DoubleFault,Long Error,False,NA,NA,1.51 Metre,NA,NA,False,False,True,6.42000008,1.45299995,0.0340000018,Body,1.50600004,-0.0,0.370000005,-11.5139999,-0.890999973,2.53999996,6.42000008,1.45299995,0.0340000018,,,,,,,,,,1527.66,1,1,0,0,0,0,0,0,WTA320238,WTA316266,2,4,0,1
2_7_2_1,2,7,2,1,WTA320238,WTA316266,WTA320238,AdCourt,154 KPH,Flat,NA,-11.3369999,1.59599996,2.56500006,1,Ace,NA,False,NA,ForeHand,1.02 Metre,Cross Court,NA,False,False,True,4.54300022,-3.90499997,0.0340000018,Wide,1.02100003,0.0,-2.38800001,-11.3369999,1.59599996,2.56500006,4.54300022,-3.90499997,0.0340000018,,,,,,,,,,NA,0,0,0,1,1,0,0,1,WTA320238,WTA316266,2,4,0,1
2_7_3_1,2,7,3,1,WTA320238,WTA316266,WTA320238,DeuceCourt,154.57 KPH,NA,0.29 Metre,-11.5649996,-1.148,2.58100009,0,Faulty Serve,Net Error,True,NA,ForeHand,0.89 Metre,NA,Net Error,False,False,True,-0.293000013,0.986000001,0.0320000015,T,0.89200002,-0.00700000022,0.896000028,-11.5649996,-1.148,2.58100009,-0.293000013,0.986000001,0.0320000015,,,,,,,,,,NA,1,0,0,0,0,1,1,1,WTA320238,WTA316266,2,4,0,1
2_7_3_2,2,7,3,2,WTA320238,WTA316266,WTA320238,DeuceCourt,129 KPH,Slice,NA,-11.4040003,-0.79400003,2.50200009,3,Winner,NA,False,Ground,ForeHand,2.06 Metre,Down the Line,NA,False,False,True,4.19999981,2.94000006,0.0329999998,Wide,1.07000005,0.0,1.755,-12.4759998,-2.579,0.880999982,11.6490002,-2.375,0.0340000018,11.5290003,5.21500015,1.26699996,-0.0,1.37300003,1.35300004,-8.06700039,-1.19599998,0.0320000015,1959.84,0,0,0,0,0,0,1,1,WTA320238,WTA316266,2,4,0,1
2_7_4_1,2,7,4,1,WTA320238,WTA316266,WTA320238,AdCourt,137.83 KPH,NA,0.17 Metre,-11.2209997,1.61500001,2.59200001,0,Faulty Serve,Net Error,True,NA,BackHand,0.84 Metre,NA,Net Error,False,False,True,-0.172999993,-0.754999995,0.0320000015,T,0.841000021,0.0810000002,-0.402999997,-11.2209997,1.61500001,2.59200001,-0.172999993,-0.754999995,0.0320000015,,,,,,,,,,965.88,1,0,0,0,0,0,2,1,WTA320238,WTA316266,2,4,0,1
2_7_4_2,2,7,4,2,WTA320238,WTA316266,WTA320238,AdCourt,143 KPH,Slice,NA,-11.5129995,1.546,2.50900006,3,Forced Error,NA,False,Ground,BackHand,1.91 Metre,NA,NA,False,False,True,5.76300001,-1.48000002,0.0340000018,Body,1.22800004,-0.0,-0.632000029,12.6990004,-4.171,0.925999999,-9.81299973,1.95599997,0.0329999998,13.4449997,-2.3499999,1.18200004,0.0,-0.349999994,1.58599997,-8.08899975,0.964999974,0.0329999998,2376.3,0,0,0,0,0,0,2,1,WTA320238,WTA316266,2,4,0,1
2_7_5_1,2,7,5,1,WTA320238,WTA316266,WTA316266,DeuceCourt,154 KPH,Flat,NA,-11.3649998,-0.842999995,2.4519999,4,Winner,NA,False,Ground,BackHand,1.62 Metre,Cross Court,NA,False,False,True,4.99599981,0.638000011,0.0320000015,T,1.03199995,0.0,0.141000003,12.743,3.16000009,0.792999983,-9.1619997,-2.72600007,0.0329999998,13.1199999,1.55499995,1.08599997,0.0,1.24800003,1.58500004,-8.45100021,0.984000027,0.0329999998,NA,0,0,0,0,0,0,3,1,WTA320238,WTA316266,2,4,0,1
2_7_6_1,2,7,6,1,WTA320238,WTA316266,WTA320238,AdCourt,137 KPH,Slice,NA,-11.3900003,1.61199999,2.59100008,3,Winner,NA,False,Ground,BackHand,1.14 Metre,Cross Court,NA,False,False,True,5.32800007,-3.546,0.0329999998,Wide,1.27199996,-0.0,-2.09500003,-12.0810003,2.55500007,0.999000013,7.06599998,-2.1170001,0.0340000018,13.7790003,-5.64099979,1.14999998,0.0,-1.32299995,1.52199996,-7.94700003,1.199,0.0329999998,1773.48,0,0,0,0,0,0,3,2,WTA320238,WTA316266,2,4,0,1
2_8_1_1,2,8,1,1,WTA316266,WTA320238,WTA320238,DeuceCourt,134 KPH,Pronated,NA,-11.7049999,-0.870000005,2.57500005,2,Forced Error,NA,True,Ground,BackHand,0.87 Metre,NA,NA,False,False,True,6.14900017,0.713999987,0.0340000018,T,1.34500003,-0.0,0.389999986,-12.3459997,-4.04500008,0.876999974,-0.172000006,-1.699,0.0320000015,13.0220003,0.739000022,1.20299995,0.0,-1.53199995,1.278,-7.40500021,-3.05800009,0.0329999998,NA,0,0,0,0,0,0,0,0,WTA320238,WTA316266,3,4,0,1
2_8_2_1,2,8,2,1,WTA316266,WTA320238,WTA316266,AdCourt,145 KPH,Pronated,NA,-11.625,0.722000003,2.62599993,3,Winner,NA,False,Ground,ForeHand,1.38 Metre,Cross Court,NA,False,False,True,5.80000019,-0.73299998,0.0340000018,T,1.28699994,-0.0,-0.0960000008,-11.823,-1.56400001,1.148,7.53700018,3.17499995,0.0320000015,12.2049999,-1.66999996,1.17900002,-0.0,-1.51199996,2.78900003,-9.45899963,-1.49899995,0.0320000015,1947.9,0,0,0,0,0,0,0,1,WTA320238,WTA316266,3,4,0,1
2_8_3_1,2,8,3,1,WTA316266,WTA320238,WTA316266,DeuceCourt,148 KPH,Pronated,NA,-11.5539999,-0.952000022,2.60100007,3,Unforced Error,NA,False,Ground,BackHand,1.01 Metre,NA,NA,False,False,True,5.89599991,2.65499997,0.0340000018,Body,1.21300006,-0.0,1.51199996,13.5089998,-3.05999994,1.19400001,-4.329,1.98599994,0.0329999998,11.5190001,3.63199997,1.03199995,0.0,1.58899999,1.15100002,-5.60900021,0.666000009,0.0309999995,1471.62,0,0,0,0,0,0,1,1,WTA320238,WTA316266,3,4,0,1
2_8_4_1,2,8,4,1,WTA316266,WTA320238,WTA316266,AdCourt,148.2 KPH,NA,0.62 Metre,-11.5719995,0.75999999,2.61400008,0,Faulty Serve,Net Error,True,NA,BackHand,0.77 Metre,NA,Net Error,False,False,True,-0.615999997,-0.144999996,0.0320000015,T,0.773000002,0.0839999989,-0.160999998,-11.5719995,0.75999999,2.61400008,-0.615999997,-0.144999996,0.0320000015,,,,,,,,,,1338.18,1,0,0,0,0,0,2,1,WTA320238,WTA316266,3,4,0,1
2_8_4_2,2,8,4,2,WTA316266,WTA320238,WTA316266,AdCourt,120 KPH,Pronated,NA,-11.8859997,0.768000007,2.62800002,1,Unforced Error,NA,False,NA,BackHand,1.59 Metre,NA,Wide Error,False,False,True,5.08199978,-2.40499997,0.0340000018,Body,1.42200005,0.0,-1.16299999,9.59599972,-3.523,1.37600005,-6.76499987,4.78399992,0.0370000005,9.59599972,-3.523,1.37600005,-0.0,1.46000004,1.59099996,-6.76499987,4.78399992,0.0370000005,1511.94,0,0,0,0,0,0,2,1,WTA320238,WTA316266,3,4,0,1
2_8_5_1,2,8,5,1,WTA316266,WTA320238,WTA320238,DeuceCourt,134 KPH,Pronated,NA,-11.7340002,-1.09800005,2.50600004,2,Forced Error,NA,False,Ground,BackHand,1.46 Metre,NA,NA,False,False,True,4.28499985,1.33399999,0.0320000015,T,1.005,0.0,0.795000017,,,,,,,11.7270002,2.10400009,1.20799994,0.0,1.27100003,1.34099996,-9.52799988,0.458999991,0.0340000018,2199.66,0,0,0,0,0,0,3,1,WTA320238,WTA316266,3,4,0,1
2_8_6_1,2,8,6,1,WTA316266,WTA320238,WTA316266,AdCourt,130 KPH,Pronated,NA,-11.8470001,1.98699999,2.62899995,3,Forced Error,NA,False,Ground,BackHand,1.38 Metre,NA,NA,False,False,True,5.45499992,-3.22199988,0.0329999998,Wide,1.37699997,-0.0,-1.28799999,12.29,-3.12199998,0.967000008,-8.67599964,-1.65400004,0.0320000015,11.0190001,-5.4920001,1.19400001,0.0,-1.43499994,1.59899998,-9.01399994,1.89999998,0.0329999998,1716.96,0,0,0,0,0,0,3,2,WTA320238,WTA316266,3,4,0,1
2_9_1_1,2,9,1,1,WTA320238,WTA316266,WTA316266,DeuceCourt,147 KPH,Slice,NA,11.4709997,1.10800004,2.57800007,2,Unforced Error,NA,False,Ground,ForeHand,1.27 Metre,NA,NA,False,False,True,-4.9000001,-3.125,0.0309999995,Wide,1.10000002,0.0,-1.69599998,11.8210001,0.810000002,0.897000015,-8.48799992,0.0489999987,0.0320000015,-12.5019999,-5.60699987,1.19099998,0.0,-2.102,1.20899999,6.03299999,-0.578000009,0.0340000018,2289.3,0,0,0,0,0,0,0,0,WTA320238,WTA316266,3,5,0,1
2_9_2_1,2,9,2,1,WTA320238,WTA316266,WTA316266,AdCourt,156 KPH,Slice,NA,11.2460003,-1.528,2.48600006,2,Unforced Error,NA,False,Ground,BackHand,3.45 Metre,NA,NA,False,False,True,-5.62799978,2.78299999,0.0340000018,Wide,1.14600003,0.0,1.48899996,11.6619997,-4.0250001,0.460000008,-7.5710001,2.07800007,0.0340000018,-14.3030005,4.59499979,1.11500001,0.0,-0.0560000017,2.55800009,10.8400002,-3.71799994,0.0350000001,1185.48,0,0,0,0,0,0,0,1,WTA320238,WTA316266,3,5,0,1
2_9_3_1,2,9,3,1,WTA320238,WTA316266,WTA316266,DeuceCourt,144 KPH,Slice,NA,11.3649998,1.03600001,2.5150001,4,Winner,NA,False,Ground,BackHand,2.2 Metre,Cross Court,NA,False,False,True,-6.01900005,-3.09599996,0.0329999998,Wide,1.24800003,0.0,-1.44099998,-14.2200003,2.83500004,0.967000008,7.70300007,-1.90900004,0.0340000018,-13.1070004,-5.28000021,1.12600005,0.0,-0.75,2.11599994,9.05599976,2.06399989,0.0309999995,1591.02,0,0,0,0,0,0,0,2,WTA320238,WTA316266,3,5,0,1
2_9_4_1,2,9,4,1,WTA320238,WTA316266,WTA320238,AdCourt,143 KPH,Slice,NA,11.4689999,-1.37600005,2.55800009,3,Forced Error,NA,False,Ground,ForeHand,1.65 Metre,NA,NA,True,False,True,-5.12200022,3.46300006,0.0329999998,Wide,1.09800005,0.0,2.06900001,-13.3559999,2.97399998,0.479000002,8.89900017,4.615,0.0320000015,-14.2329998,5.77299976,1.12199998,-0.0,-0.151999995,1.77900004,7.93900013,-3.27999997,0.0329999998,1639.02,0,0,0,0,0,0,0,3,WTA320238,WTA316266,3,5,0,1
2_9_5_1,2,9,5,1,WTA320238,WTA316266,WTA320238,DeuceCourt,138.95 KPH,Slice,0.13 Metre,11.4219999,1.06299996,2.51999998,0,Faulty Serve,Long Error,False,NA,BackHand,1.42 Metre,NA,NA,True,False,True,-6.5250001,-1.71700001,0.0320000015,Body,1.42400002,0.0,-0.485000014,11.4219999,1.06299996,2.51999998,-6.5250001,-1.71700001,0.0320000015,,,,,,,,,,1281.42,1,0,0,0,0,0,1,3,WTA320238,WTA316266,3,5,0,1
2_9_5_2,2,9,5,2,WTA320238,WTA316266,WTA320238,DeuceCourt,154 KPH,Slice,NA,11.4020004,1.18700004,2.5250001,3,Forced Error,NA,False,Ground,BackHand,NA,NA,NA,True,False,True,-5.60400009,-0.978999972,0.0320000015,T,1.13999999,0.0,-0.155000001,-13.8509998,-4.31599998,1.40999997,12.885,0.35800001,0.0340000018,-13.1630001,-2.28800011,1.11199999,-0.0,-0.948000014,1.59000003,7.54799986,-0.27700001,0.0340000018,1955.52,0,0,0,0,0,0,1,3,WTA320238,WTA316266,3,5,0,1
2_9_6_1,2,9,6,1,WTA320238,WTA316266,WTA316266,AdCourt,146 KPH,Slice,NA,11.2399998,-1.67400002,2.50699997,4,Winner,NA,False,Ground,BackHand,1.5 Metre,Down the Line,NA,True,True,True,-4.69199991,0.00899999961,0.0320000015,T,1.03699994,0.0,-0.351999998,-12.9809999,-2.70900011,0.785000026,1.02999997,-3.25900006,0.0320000015,-15.1660004,0.368000001,1.15100002,0.0,-1.73099995,1.23800004,4.51399994,-2.21499991,0.0340000018,959.28,0,0,0,0,0,0,2,3,WTA320238,WTA316266,3,5,0,1
