point_ID,set_num,game_num,point_num,serve_num,server_id,returner_id,point_winner_id,court_side,serve_speed_kph,serve_type,fault_distance_missed_m,x_ball_serve_impact,y_ball_serve_impact,z_ball_serve_impact,rally_length,point_end_type,error_type,trapped_by_net,last_stroke_type,last_hand,last_stroke_net_height_m,winner_placement,unforcedErrorPlacement,is_break_point,is_break_point_converted,is_track_avail,x_serve_bounce,y_serve_bounce,z_serve_bounce,serve_dir,z_net_serve,x_net_serve,y_net_serve,last_ball_impact_x,last_ball_impact_y,last_ball_impact_z,last_ball_bounce_x,last_ball_bounce_y,last_ball_bounce_z,serve_return_impact_x,serve_return_impact_y,serve_return_impact_z,serve_return_net_x,serve_return_net_y,serve_return_net_z,serve_return_bounce_x,serve_return_bounce_y,serve_return_bounce_z,spin_rpm,is_fault,is_doublefault,is_tiebreak,is_ace,is_prev_doublefault,is_prev_ace,server_score,returner_score
NA,1,1,1,1,NA,NA,NA,DeuceCourt,NA,NA,NA,,,,0,Faulty Serve,NA,False,NA,NA,NA,NA,NA,False,False,False,,,,,,,,,,,,,,,,,,,,,,,NA,1,0,0,0,0,0,0,0
1_1_1_2,1,1,1,2,38338,44185,44185,DeuceCourt,0 KPH,NA,NA,,,,2,Unforced Error,NA,False,,BackHand,0 Metre,NA,NA,False,False,False,,,,,,,,,,,,,,,,,,,,,,,0,0,0,0,0,0,0,0,0
1_1_2_1,1,1,2,1,38338,44185,38338,AdCourt,149 KPH,Flat,NA,11.593,-0.962,2.706,5,Forced Error,NA,True,Ground,BackHand,0.97 Metre,NA,NA,False,False,True,-6.369,3.378,0.038,Wide,1.441,0.0,2.022,-12.807,4.105,0.712,-0.086,-4.174,0.028,-13.035,4.917,1.215,-0.0,0.346,1.238,5.99,-1.688,0.038,1413.9,0,0,0,0,0,0,0,1
1_1_3_1,1,1,3,1,38338,44185,38338,DeuceCourt,163 KPH,NA,NA,,,,1,Forced Error,NA,False,Ground,BackHand,NA,NA,NA,False,False,False,,,,,,,,,,,,,,,,,,,,,,,1413.9,0,0,0,0,0,0,1,1
1_1_4_1,1,1,4,1,38338,44185,38338,AdCourt,158 KPH,Flat,NA,11.65,-0.83,2.691,3,Winner,NA,False,Ground,ForeHand,1.25 Metre,Down the Line,NA,False,False,True,-4.777,1.053,0.039,T,1.07,0.0,0.593,13.183,0.419,1.113,-7.407,3.905,0.032,-12.996,1.89,1.118,-0.0,0.991,1.327,7.849,0.581,0.045,1715.04,0,0,0,0,0,0,2,1
1_1_5_1,1,1,5,1,38338,44185,44185,DeuceCourt,152 KPH,Flat,NA,11.703,0.811,2.65,6,Forced Error,NA,False,Passing,ForeHand,1.93 Metre,NA,NA,False,False,True,-4.316,-3.381,0.04,Wide,1.081,0.0,-2.068,14.81,2.127,1.034,-12.885,3.492,0.046,-12.3,-5.605,1.168,0.0,-0.874,1.398,8.477,2.527,0.039,1580.88,0,0,0,0,0,0,3,1
1_1_6_1,1,1,6,1,38338,44185,38338,AdCourt,0 KPH,NA,NA,,,,3,Unforced Error,NA,False,Ground,ForeHand,0 Metre,NA,NA,False,False,False,,,,,,,,,,,,,,,,,,,,,,,2649.42,0,0,0,0,0,0,3,2
NA,1,2,1,1,NA,NA,NA,DeuceCourt,NA,NA,NA,,,,0,Faulty Serve,NA,False,NA,NA,NA,NA,NA,False,False,False,,,,,,,,,,,,,,,,,,,,,,,NA,1,0,0,0,0,0,0,0
1_2_1_2,1,2,1,2,44185,38338,44185,DeuceCourt,131 KPH,Kick,NA,11.442,1.113,2.715,1,Forced Error,NA,True,Ground,ForeHand,1.06 Metre,NA,NA,False,False,True,-3.584,-2.166,0.038,Body,1.064,0.0,-1.13,-11.885,-4.121,1.545,-1.229,0.933,0.038,,,,,,,,,,1567.2,0,0,0,0,0,0,0,0
1_2_2_1,1,2,2,1,44185,38338,44185,AdCourt,NA,NA,NA,,,,1,Ace,NA,False,,ForeHand,NA,NA,NA,False,False,False,,,,,,,,,,,,,,,,,,,,,,,0,0,0,0,1,0,0,1,0
1_2_3_1,1,2,3,1,44185,38338,38338,DeuceCourt,175 KPH,Flat,NA,11.345,1.31,2.663,2,Unforced Error,NA,False,Ground,BackHand,1.48 Metre,NA,Wide Error,False,False,True,-5.664,-1.93,0.039,Body,1.148,0.0,-0.762,12.08,-0.746,0.869,-8.317,4.428,0.032,-12.832,-3.375,1.075,-0.0,-2.204,1.411,8.138,-1.32,0.039,1871.16,0,0,0,0,0,1,2,0
NA,1,2,4,1,NA,NA,NA,AdCourt,NA,NA,NA,,,,0,Faulty Serve,NA,False,NA,NA,NA,NA,NA,False,False,False,,,,,,,,,,,,,,,,,,,,,,,NA,1,0,0,0,0,0,2,1
1_2_4_2,1,2,4,2,44185,38338,44185,AdCourt,131 KPH,NA,NA,,,,1,Forced Error,NA,False,Ground,BackHand,1.06 Metre,NA,NA,False,False,False,,,,,,,,,,,,,,,,,,,,,,,1567.2,0,0,0,0,0,0,2,1
1_2_5_1,1,2,5,1,44185,38338,44185,DeuceCourt,190 KPH,NA,NA,,,,1,Forced Error,NA,False,Ground,BackHand,NA,NA,NA,False,False,False,,,,,,,,,,,,,,,,,,,,,,,1871.16,0,0,0,0,0,0,3,1
1_3_1_1,1,3,1,1,38338,44185,44185,DeuceCourt,131 KPH,NA,NA,,,,4,Forced Error,NA,False,Ground,ForeHand,1.06 Metre,NA,NA,False,False,False,,,,,,,,,,,,,,,,,,,,,,,1567.2,0,0,0,0,0,0,0,0
1_3_2_1,1,3,2,1,38338,44185,38338,AdCourt,169 KPH,Flat,NA,-11.675,0.935,2.686,3,Winner,NA,False,Ground,ForeHand,1.27 Metre,Cross Court,NA,False,False,True,5.702,-3.859,0.035,Wide,1.237,0.0,-2.387,-12.282,2.335,1.461,7.581,-3.669,0.036,13.08,-5.677,1.227,0.0,-1.994,2.94,-9.716,1.193,0.042,1540.86,0,0,0,0,0,0,0,1
1_3_3_1,1,3,3,1,38338,44185,44185,DeuceCourt,131 KPH,NA,NA,,,,6,Unforced Error,NA,False,Ground,ForeHand,1.06 Metre,NA,NA,False,False,False,,,,,,,,,,,,,,,,,,,,,,,1567.2,0,0,0,0,0,0,1,1
NA,1,3,4,1,NA,NA,NA,AdCourt,NA,NA,NA,,,,0,Faulty Serve,NA,False,NA,NA,NA,NA,NA,False,False,False,,,,,,,,,,,,,,,,,,,,,,,NA,1,0,0,0,0,0,1,2
1_3_4_2,1,3,4,2,38338,44185,38338,AdCourt,175 KPH,NA,NA,,,,5,Unforced Error,NA,False,Ground,ForeHand,1.48 Metre,NA,NA,False,False,False,,,,,,,,,,,,,,,,,,,,,,,2429.76,0,0,0,0,0,0,1,2
NA,1,3,5,1,NA,NA,NA,DeuceCourt,NA,NA,NA,,,,0,Faulty Serve,NA,False,NA,NA,NA,NA,NA,False,False,False,,,,,,,,,,,,,,,,,,,,,,,NA,1,0,0,0,0,0,2,2
1_3_5_2,1,3,5,2,38338,44185,44185,DeuceCourt,131 KPH,NA,NA,,,,0,DoubleFault,NA,False,Ground,BackHand,1.06 Metre,NA,NA,False,False,False,,,,,,,,,,,,,,,,,,,,,,,1567.2,1,1,0,0,0,0,2,2
NA,1,3,6,1,NA,NA,NA,AdCourt,NA,NA,NA,,,,0,Faulty Serve,NA,False,NA,NA,NA,NA,NA,False,False,False,,,,,,,,,,,,,,,,,,,,,,,NA,1,0,0,0,1,0,2,3
1_3_6_2,1,3,6,2,38338,44185,44185,AdCourt,NA,NA,NA,,,,4,Unforced Error,NA,False,,BackHand,NA,NA,NA,True,True,False,,,,,,,,,,,,,,,,,,,,,,,0,0,0,0,0,0,0,2,3
1_4_1_1,1,4,1,1,44185,38338,38338,DeuceCourt,182 KPH,NA,NA,,,,8,Unforced Error,NA,False,Ground,BackHand,NA,NA,NA,False,False,False,,,,,,,,,,,,,,,,,,,,,,,1871.16,0,0,0,0,0,0,0,0
NA,1,4,2,1,NA,NA,NA,AdCourt,NA,NA,NA,,,,0,Faulty Serve,NA,False,NA,NA,NA,NA,NA,False,False,False,,,,,,,,,,,,,,,,,,,,,,,NA,1,0,0,0,0,0,0,1
1_4_2_2,1,4,2,2,44185,38338,44185,AdCourt,131 KPH,NA,NA,,,,7,Winner,NA,False,Ground,BackHand,1.06 Metre,NA,NA,False,False,False,,,,,,,,,,,,,,,,,,,,,,,1567.2,0,0,0,0,0,0,0,1
1_4_3_1,1,4,3,1,44185,38338,44185,DeuceCourt,175 KPH,NA,NA,,,,0,Faulty Serve,NA,False,Ground,ForeHand,1.48 Metre,NA,NA,False,False,False,,,,,,,,,,,,,,,,,,,,,,,1871.16,1,0,0,0,0,0,1,1
1_4_3_2,1,4,3,2,44185,38338,44185,DeuceCourt,134 KPH,Kick,NA,-11.557,-0.811,2.698,1,Unforced Error,NA,True,Ground,ForeHand,0.63 Metre,NA,Net Error,False,False,True,4.213,2.161,0.04,Body,1.145,0.0,1.086,11.618,3.829,1.588,0.015,-1.44,0.04,11.618,3.829,1.588,-0.002,-0.183,0.632,0.015,-1.44,0.04,2158.32,0,0,0,0,0,0,1,1
1_4_4_1,1,4,4,1,44185,38338,38338,AdCourt,183 KPH,NA,NA,,,,2,Winner,NA,False,Ground,ForeHand,NA,NA,NA,False,False,False,,,,,,,,,,,,,,,,,,,,,,,1871.16,0,0,0,0,0,0,2,1
1_4_5_1,1,4,5,1,44185,38338,44185,DeuceCourt,190 KPH,Flat,NA,-11.438,-1.083,2.671,1,Forced Error,NA,True,Ground,BackHand,0.44 Metre,NA,NA,False,False,True,6.264,1.114,0.045,T,1.189,-0.0,0.228,13.127,2.21,0.843,0.06,-3.856,0.028,13.127,2.21,0.843,0.013,-3.184,0.438,0.06,-3.856,0.028,1115.34,0,0,0,0,0,0,2,2
1_4_6_1,1,4,6,1,44185,38338,44185,AdCourt,190 KPH,NA,NA,,,,0,Faulty Serve,NA,False,Ground,ForeHand,0.44 Metre,NA,NA,False,False,False,,,,,,,,,,,,,,,,,,,,,,,1115.34,1,0,0,0,0,0,3,2
1_4_6_2,1,4,6,2,44185,38338,44185,AdCourt,190 KPH,NA,NA,,,,1,Forced Error,NA,False,Ground,ForeHand,0.44 Metre,NA,NA,False,False,False,,,,,,,,,,,,,,,,,,,,,,,1115.34,0,0,0,0,0,0,3,2
1_5_1_1,1,5,1,1,38338,44185,44185,DeuceCourt,190 KPH,NA,NA,,,,8,Unforced Error,NA,False,Ground,BackHand,0.44 Metre,NA,NA,False,False,False,,,,,,,,,,,,,,,,,,,,,,,1115.34,0,0,0,0,0,0,0,0
1_5_2_1,1,5,2,1,38338,44185,38338,AdCourt,169 KPH,NA,NA,,,,11,NA,NA,False,Ground,BackHand,1.27 Metre,NA,NA,False,False,False,,,,,,,,,,,,,,,,,,,,,,,1540.86,0,0,0,0,0,0,0,1
NA,1,5,3,1,NA,NA,NA,DeuceCourt,NA,NA,NA,,,,0,Faulty Serve,NA,False,NA,NA,NA,NA,NA,False,False,False,,,,,,,,,,,,,,,,,,,,,,,NA,1,0,0,0,0,0,1,1
1_5_3_2,1,5,3,2,38338,44185,44185,DeuceCourt,190 KPH,NA,NA,,,,4,Unforced Error,NA,False,Ground,ForeHand,0.44 Metre,NA,NA,False,False,False,,,,,,,,,,,,,,,,,,,,,,,1115.34,0,0,0,0,0,0,1,1
1_5_4_1,1,5,4,1,38338,44185,38338,AdCourt,175 KPH,NA,NA,,,,5,Unforced Error,NA,False,Ground,ForeHand,1.48 Metre,NA,NA,False,False,False,,,,,,,,,,,,,,,,,,,,,,,0,0,0,0,0,0,0,1,2
1_5_5_1,1,5,5,1,38338,44185,44185,DeuceCourt,167 KPH,Pronated,NA,11.694,0.837,2.682,6,Unforced Error,NA,True,Ground,BackHand,0.81 Metre,NA,Net Error,False,False,True,-5.873,-3.73,0.04,Wide,1.298,0.0,-2.094,12.227,-2.485,0.652,0.214,-0.422,0.04,-12.587,-5.463,1.24,0.0,-3.354,2.496,9.795,-1.67,0.037,1541.34,0,0,0,0,0,0,2,2
1_5_6_1,1,5,6,1,38338,44185,38338,AdCourt,151 KPH,Flat,NA,11.805,-0.935,2.741,9,Unforced Error,NA,True,Ground,ForeHand,0.85 Metre,NA,Net Error,True,True,True,-4.611,2.236,0.04,Body,1.113,0.0,1.435,-13.447,-2.228,0.41,,,,-12.929,3.74,1.358,-0.0,0.578,1.93,11.452,-1.846,0.036,2609.46,0,0,0,0,0,0,2,3
1_5_7_1,1,5,7,1,38338,44185,38338,DeuceCourt,NA,NA,NA,,,,1,Ace,NA,False,,ForeHand,NA,NA,NA,False,False,False,,,,,,,,,,,,,,,,,,,,,,,0,0,0,0,1,0,0,3,3
1_5_8_1,1,5,8,1,38338,44185,38338,AdCourt,170 KPH,Pronated,NA,11.554,-0.999,2.721,1,Forced Error,NA,False,Ground,BackHand,2.9 Metre,NA,NA,False,False,True,-5.114,3.589,0.033,Wide,1.099,-0.0,2.244,-12.598,5.661,1.216,12.885,-3.851,0.037,-12.598,5.661,1.216,0.0,1.088,2.895,12.885,-3.851,0.037,1273.32,0,0,0,0,0,1,4,3
1_6_1_1,1,6,1,1,44185,38338,44185,DeuceCourt,190 KPH,NA,NA,,,,0,Faulty Serve,NA,False,Ground,ForeHand,0.44 Metre,NA,NA,False,False,False,,,,,,,,,,,,,,,,,,,,,,,1115.34,1,0,0,0,0,0,0,0
1_6_1_2,1,6,1,2,44185,38338,44185,DeuceCourt,167 KPH,NA,NA,,,,3,Forced Error,NA,False,Ground,ForeHand,0.81 Metre,NA,NA,False,False,False,,,,,,,,,,,,,,,,,,,,,,,1541.34,0,0,0,0,0,0,0,0
1_6_2_1,1,6,2,1,44185,38338,44185,AdCourt,184 KPH,NA,NA,,,,1,Forced Error,NA,False,Ground,BackHand,NA,NA,NA,False,False,False,,,,,,,,,,,,,,,,,,,,,,,1115.34,0,0,0,0,0,0,1,0
1_6_3_1,1,6,3,1,44185,38338,44185,DeuceCourt,190 KPH,NA,NA,,,,0,Faulty Serve,NA,False,Ground,BackHand,0.44 Metre,NA,NA,False,False,False,,,,,,,,,,,,,,,,,,,,,,,1115.34,1,0,0,0,0,0,2,0
1_6_3_2,1,6,3,2,44185,38338,38338,DeuceCourt,130 KPH,Kick,NA,11.389,1.056,2.678,2,Unforced Error,NA,True,Ground,BackHand,0.93 Metre,NA,Net Error,False,False,True,-4.037,-1.612,0.04,Body,1.197,-0.0,-0.656,12.6,0.034,0.95,0.941,2.163,0.036,-12.431,-3.115,1.628,0.0,-1.815,1.58,8.786,-0.588,0.043,2176.32,0,0,0,0,0,0,2,0
NA,1,6,4,1,NA,NA,NA,AdCourt,NA,NA,NA,,,,0,Faulty Serve,NA,False,NA,NA,NA,NA,NA,False,False,False,,,,,,,,,,,,,,,,,,,,,,,NA,1,0,0,0,0,0,2,1
1_6_4_2,1,6,4,2,44185,38338,44185,AdCourt,167 KPH,NA,NA,,,,7,Unforced Error,NA,False,Ground,BackHand,0.81 Metre,NA,NA,False,False,False,,,,,,,,,,,,,,,,,,,,,,,1541.34,0,0,0,0,0,0,2,1
NA,1,6,5,1,NA,NA,NA,DeuceCourt,NA,NA,NA,,,,0,Faulty Serve,NA,False,NA,NA,NA,NA,NA,False,False,False,,,,,,,,,,,,,,,,,,,,,,,NA,1,0,0,0,0,0,3,1
1_6_5_2,1,6,5,2,44185,38338,44185,DeuceCourt,140 KPH,Kick,NA,11.461,1.028,2.699,1,Forced Error,NA,True,Ground,BackHand,0.96 Metre,NA,NA,False,False,True,-4.862,-1.44,0.038,Body,1.263,0.0,-0.405,-11.885,-2.646,1.642,-0.246,-2.847,0.028,-11.885,-2.646,1.642,0.014,-2.726,0.958,-0.246,-2.847,0.028,1391.76,0,0,0,0,0,0,3,1
NA,1,7,1,1,NA,NA,NA,DeuceCourt,NA,NA,NA,,,,0,Faulty Serve,NA,False,NA,NA,NA,NA,NA,False,False,False,,,,,,,,,,,,,,,,,,,,,,,NA,1,0,0,0,0,0,0,0
1_7_1_2,1,7,1,2,38338,44185,44185,DeuceCourt,140 KPH,NA,NA,,,,2,Unforced Error,NA,False,Ground,BackHand,0.96 Metre,NA,NA,False,False,False,,,,,,,,,,,,,,,,,,,,,,,1391.76,0,0,0,0,0,0,0,0
1_7_2_1,1,7,2,1,38338,44185,44185,AdCourt,140 KPH,NA,NA,,,,2,Unforced Error,NA,False,Ground,BackHand,0.96 Metre,NA,NA,False,False,False,,,,,,,,,,,,,,,,,,,,,,,1391.76,0,0,0,0,0,0,0,1
1_7_3_1,1,7,3,1,38338,44185,38338,DeuceCourt,168 KPH,NA,NA,,,,3,Winner,NA,False,Ground,BackHand,NA,NA,NA,False,False,False,,,,,,,,,,,,,,,,,,,,,,,1273.32,0,0,0,0,0,0,0,2
1_7_4_1,1,7,4,1,38338,44185,38338,AdCourt,170 KPH,NA,NA,,,,0,Faulty Serve,NA,False,Ground,ForeHand,2.9 Metre,NA,NA,False,False,False,,,,,,,,,,,,,,,,,,,,,,,1273.32,1,0,0,0,0,0,1,2
1_7_4_2,1,7,4,2,38338,44185,44185,AdCourt,128 KPH,Flat,NA,-11.645,1.231,2.703,4,Unforced Error,NA,False,Ground,ForeHand,2.41 Metre,NA,Long Error,False,False,True,4.055,-2.077,0.035,Body,1.16,-0.0,-1.465,-13.692,1.591,1.085,12.333,2.139,0.042,13.273,-3.787,1.429,0.0,0.661,1.336,-6.313,2.758,0.039,2100.12,0,0,0,0,0,0,1,2
1_7_5_1,1,7,5,1,38338,44185,38338,DeuceCourt,173 KPH,Flat,NA,-11.57,-0.936,2.708,9,Unforced Error,NA,False,Ground,BackHand,1.8 Metre,NA,Long Error,True,True,True,5.81,0.695,0.045,T,1.206,-0.0,0.07,14.007,-2.345,1.018,-11.921,-1.771,0.041,13.772,1.647,1.179,0.0,0.085,1.705,-8.136,-0.906,0.04,1721.7,0,0,0,0,0,0,1,3
1_7_6_1,1,7,6,1,38338,44185,38338,AdCourt,173 KPH,NA,NA,,,,3,Unforced Error,NA,False,Ground,BackHand,1.8 Metre,NA,NA,True,True,False,,,,,,,,,,,,,,,,,,,,,,,1724.88,0,0,0,0,0,0,2,3
1_7_7_1,1,7,7,1,38338,44185,44185,DeuceCourt,174 KPH,Flat,NA,-11.357,-0.845,2.688,2,Unforced Error,NA,True,Ground,ForeHand,0.88 Metre,NA,Net Error,False,False,True,5.513,1.487,0.044,Body,1.146,-0.0,0.637,-11.885,-1.408,0.631,-0.148,-2.448,0.028,13.699,2.875,1.193,0.0,0.444,1.119,-5.685,-0.548,0.037,2690.64,0,0,0,0,0,0,3,3
1_7_8_1,1,7,8,1,38338,44185,44185,AdCourt,169 KPH,Flat,NA,-11.503,0.824,2.689,6,Unforced Error,NA,True,Ground,ForeHand,0.82 Metre,NA,Net Error,True,True,True,4.678,-3.466,0.036,Wide,1.008,0.0,-2.324,-9.427,-1.417,0.958,-0.22,0.522,0.039,13.451,-5.495,1.259,-0.0,-1.862,1.202,-6.089,-0.221,0.037,2953.98,0,0,0,0,0,0,3,4
1_8_1_1,1,8,1,1,44185,38338,44185,DeuceCourt,150 KPH,Slice,NA,-11.158,-1.81,2.674,1,Forced Error,NA,False,Ground,ForeHand,3 Metre,NA,NA,False,False,True,5.325,3.627,0.037,Wide,1.169,0.0,1.575,12.38,6.775,0.928,-8.265,-4.756,0.041,12.38,6.775,0.928,0.0,-0.005,2.999,-8.265,-4.756,0.041,1199.58,0,0,0,0,0,0,0,0
1_8_2_1,1,8,2,1,44185,38338,44185,AdCourt,192 KPH,Slice,NA,-11.311,0.971,2.695,1,Forced Error,NA,False,Ground,ForeHand,1.67 Metre,NA,NA,False,False,True,5.882,-0.592,0.042,T,1.101,-0.0,-0.161,13.582,-0.971,0.947,-10.834,4.952,0.038,13.582,-0.971,0.947,0.0,2.066,1.665,-10.834,4.952,0.038,1153.74,0,0,0,0,0,0,1,0
NA,1,8,3,1,NA,NA,NA,DeuceCourt,NA,NA,NA,,,,0,Faulty Serve,NA,False,NA,NA,NA,NA,NA,False,False,False,,,,,,,,,,,,,,,,,,,,,,,NA,1,0,0,0,0,0,2,0
1_8_3_2,1,8,3,2,44185,38338,38338,DeuceCourt,192 KPH,NA,NA,,,,6,Winner,NA,False,Ground,ForeHand,1.67 Metre,NA,NA,False,False,False,,,,,,,,,,,,,,,,,,,,,,,1153.74,0,0,0,0,0,0,2,0
NA,1,8,4,1,NA,NA,NA,AdCourt,NA,NA,NA,,,,0,Faulty Serve,NA,False,NA,NA,NA,NA,NA,False,False,False,,,,,,,,,,,,,,,,,,,,,,,NA,1,0,0,0,0,0,2,1
1_8_4_2,1,8,4,2,44185,38338,38338,AdCourt,192 KPH,NA,NA,,,,4,Forced Error,NA,False,Ground,ForeHand,1.67 Metre,NA,NA,False,False,False,,,,,,,,,,,,,,,,,,,,,,,1153.74,0,0,0,0,0,0,2,1
1_8_5_1,1,8,5,1,44185,38338,38338,DeuceCourt,175 KPH,NA,NA,,,,2,Winner,NA,False,Ground,ForeHand,NA,NA,NA,False,False,False,,,,,,,,,,,,,,,,,,,,,,,1153.74,0,0,0,0,0,0,2,2
NA,1,8,6,1,NA,NA,NA,AdCourt,NA,NA,NA,,,,0,Faulty Serve,NA,False,NA,NA,NA,NA,NA,False,False,False,,,,,,,,,,,,,,,,,,,,,,,NA,1,0,0,0,0,0,2,3
1_8_6_2,1,8,6,2,44185,38338,44185,AdCourt,192 KPH,NA,NA,,,,3,Unforced Error,NA,False,Ground,BackHand,1.67 Metre,NA,NA,True,False,False,,,,,,,,,,,,,,,,,,,,,,,1153.74,0,0,0,0,0,0,2,3
1_8_7_1,1,8,7,1,44185,38338,44185,DeuceCourt,196 KPH,NA,NA,,,,5,Unforced Error,NA,False,Ground,ForeHand,NA,NA,NA,False,False,False,,,,,,,,,,,,,,,,,,,,,,,1153.74,0,0,0,0,0,0,3,3
NA,1,8,8,1,NA,NA,NA,AdCourt,NA,NA,NA,,,,0,Faulty Serve,NA,False,NA,NA,NA,NA,NA,False,False,False,,,,,,,,,,,,,,,,,,,,,,,NA,1,0,0,0,0,0,4,3
1_8_8_2,1,8,8,2,44185,38338,44185,AdCourt,192 KPH,NA,NA,,,,9,Unforced Error,NA,False,Ground,ForeHand,1.67 Metre,NA,NA,False,False,False,,,,,,,,,,,,,,,,,,,,,,,1153.74,0,0,0,0,0,0,4,3
2_1_1_1,2,1,1,1,38338,44185,44185,DeuceCourt,192 KPH,NA,NA,,,,4,Unforced Error,NA,False,Ground,BackHand,1.67 Metre,NA,NA,False,False,False,,,,,,,,,,,,,,,,,,,,,,,1153.74,0,0,0,0,0,0,0,0
2_1_2_1,2,1,2,1,38338,44185,44185,AdCourt,192 KPH,NA,NA,,,,2,Unforced Error,NA,False,Ground,BackHand,1.67 Metre,NA,NA,False,False,False,,,,,,,,,,,,,,,,,,,,,,,1153.74,0,0,0,0,0,0,0,1
2_1_3_1,2,1,3,1,38338,44185,44185,DeuceCourt,169 KPH,NA,NA,,,,0,Faulty Serve,NA,False,Ground,BackHand,0.82 Metre,NA,NA,False,False,False,,,,,,,,,,,,,,,,,,,,,,,2953.98,1,0,0,0,0,0,0,2
2_1_3_2,2,1,3,2,38338,44185,44185,DeuceCourt,192 KPH,NA,NA,,,,6,Unforced Error,NA,False,Ground,BackHand,1.67 Metre,NA,NA,False,False,False,,,,,,,,,,,,,,,,,,,,,,,1153.74,0,0,0,0,0,0,0,2
2_1_4_1,2,1,4,1,38338,44185,38338,AdCourt,153 KPH,Slice,NA,11.687,-0.828,2.717,5,Forced Error,NA,True,Drop,ForeHand,0.83 Metre,NA,NA,True,False,True,-4.052,-0.01,0.04,T,0.994,-0.0,-0.094,-3.109,-3.99,0.267,-0.531,0.229,0.038,-13.388,0.024,1.182,0.0,-0.406,8.087,5.244,-0.322,0.048,NA,0,0,0,0,0,0,0,3
NA,2,1,5,1,NA,NA,NA,DeuceCourt,NA,NA,NA,,,,0,Faulty Serve,NA,False,NA,NA,NA,NA,NA,False,False,False,,,,,,,,,,,,,,,,,,,,,,,NA,1,0,0,0,0,0,1,3
2_1_5_2,2,1,5,2,38338,44185,38338,DeuceCourt,153 KPH,NA,NA,,,,5,Forced Error,NA,False,Drop,BackHand,0.83 Metre,NA,NA,True,False,False,,,,,,,,,,,,,,,,,,,,,,,NA,0,0,0,0,0,0,1,3
2_1_6_1,2,1,6,1,38338,44185,38338,AdCourt,153 KPH,NA,NA,,,,0,Faulty Serve,NA,False,Drop,BackHand,0.83 Metre,NA,NA,True,False,False,,,,,,,,,,,,,,,,,,,,,,,NA,1,0,0,0,0,0,2,3
2_1_6_2,2,1,6,2,38338,44185,44185,AdCourt,116 KPH,Pronated,NA,11.683,-1.04,2.719,2,Forced Error,NA,True,Ground,BackHand,0.91 Metre,NA,NA,True,True,True,-3.926,2.273,0.036,Body,1.25,-0.0,1.659,12.649,-4.852,1.047,,,,-12.412,4.081,1.293,-0.0,-0.561,1.556,7.157,-2.969,0.039,1598.46,0,0,0,0,0,0,2,3
2_2_1_1,2,2,1,1,44185,38338,38338,DeuceCourt,187 KPH,Flat,NA,11.423,1.268,2.706,8,Forced Error,NA,False,Ground,BackHand,1.89 Metre,NA,NA,False,False,True,-5.821,-2.196,0.039,Body,1.163,0.0,-0.911,13.399,-3.214,0.836,-12.299,3.018,0.045,-12.909,-3.773,1.028,-0.0,-0.21,5.174,11.76,2.808,0.039,1773.6,0,0,0,0,0,0,0,0
NA,2,2,2,1,NA,NA,NA,AdCourt,NA,NA,NA,,,,0,Faulty Serve,NA,False,NA,NA,NA,NA,NA,False,False,False,,,,,,,,,,,,,,,,,,,,,,,NA,1,0,0,0,0,0,0,1
2_2_2_2,2,2,2,2,44185,38338,44185,AdCourt,116 KPH,NA,NA,,,,1,Unforced Error,NA,False,Ground,ForeHand,0.91 Metre,NA,NA,False,False,False,,,,,,,,,,,,,,,,,,,,,,,1598.46,0,0,0,0,0,0,0,1
2_2_3_1,2,2,3,1,44185,38338,38338,DeuceCourt,NA,NA,NA,,,,0,Faulty Serve,NA,False,NA,NA,NA,NA,NA,False,False,False,,,,,,,,,,,,,,,,,,,,,,,NA,1,0,0,0,0,0,1,1
2_2_3_2,2,2,3,2,44185,38338,38338,DeuceCourt,136 KPH,NA,3.34 Metre,11.455,1.276,2.73,0,DoubleFault,Long Error,False,NA,NA,0.91 Metre,NA,NA,False,False,True,-9.74,0.881,0.043,T,0.912,-0.029,0.147,11.455,1.276,2.73,-9.74,0.881,0.043,,,,,,,,,,1279.68,1,1,0,0,0,0,1,1
2_2_4_1,2,2,4,1,44185,38338,38338,AdCourt,157 KPH,Pronated,NA,11.354,-1.168,2.708,2,Forced Error,NA,False,Ground,BackHand,2.27 Metre,NA,NA,False,False,True,-4.397,2.995,0.035,Wide,1.11,-0.0,2.012,12.154,-5.314,0.827,-12.885,-0.632,0.044,-12.487,5.161,1.431,-0.0,-0.648,1.362,6.595,-3.379,0.039,1578.54,0,0,0,0,1,0,1,2
2_2_5_1,2,2,5,1,44185,38338,38338,DeuceCourt,157 KPH,NA,NA,,,,0,Faulty Serve,NA,False,Ground,BackHand,2.27 Metre,NA,NA,True,False,False,,,,,,,,,,,,,,,,,,,,,,,1578.54,1,0,0,0,0,0,1,3
2_2_5_2,2,2,5,2,44185,38338,38338,DeuceCourt,157 KPH,NA,NA,,,,2,Unforced Error,NA,False,Ground,BackHand,2.27 Metre,NA,NA,True,True,False,,,,,,,,,,,,,,,,,,,,,,,1578.54,0,0,0,0,0,0,1,3
2_3_1_1,2,3,1,1,38338,44185,38338,DeuceCourt,146 KPH,Kick,NA,-11.703,-0.628,2.681,9,Unforced Error,NA,False,Ground,ForeHand,2.15 Metre,NA,Wide Error,False,False,True,5.848,2.975,0.04,Wide,1.394,0.0,1.521,13.442,1.983,0.888,-9.861,-4.221,0.041,13.027,4.621,1.549,0.0,0.213,1.85,-9.157,-2.591,0.043,3061.44,0,0,0,0,0,0,0,0
2_3_2_1,2,3,2,1,38338,44185,44185,AdCourt,116 KPH,NA,NA,,,,2,Forced Error,NA,False,Ground,BackHand,0.91 Metre,NA,NA,False,False,False,,,,,,,,,,,,,,,,,,,,,,,1598.46,0,0,0,0,0,0,1,0
2_3_3_1,2,3,3,1,38338,44185,38338,DeuceCourt,153 KPH,NA,NA,,,,3,Winner,NA,False,Ground,ForeHand,NA,NA,NA,False,False,False,,,,,,,,,,,,,,,,,,,,,,,3061.44,0,0,0,0,0,0,1,1
2_3_4_1,2,3,4,1,38338,44185,38338,AdCourt,165.58 KPH,Flat,0.29 Metre,-11.514,0.864,2.652,0,Faulty Serve,Wide Error,False,NA,BackHand,1.27 Metre,NA,NA,False,False,True,6.148,0.291,0.044,T,1.269,-0.0,0.317,-11.514,0.864,2.652,6.148,0.291,0.044,,,,,,,,,,NA,1,0,0,0,0,0,2,1
2_3_4_2,2,3,4,2,38338,44185,38338,AdCourt,146 KPH,NA,NA,,,,3,Unforced Error,NA,False,Ground,BackHand,2.15 Metre,NA,NA,False,False,False,,,,,,,,,,,,,,,,,,,,,,,2291.16,0,0,0,0,0,0,2,1
2_3_5_1,2,3,5,1,38338,44185,44185,DeuceCourt,127 KPH,Flat,NA,-11.576,-0.749,2.721,2,Unforced Error,NA,False,Ground,ForeHand,2.13 Metre,NA,Long Error,False,False,True,4.498,3.467,0.04,Wide,1.246,-0.0,2.007,-12.887,-1.989,1.016,11.896,-1.454,0.037,12.628,5.866,1.159,0.0,1.997,1.357,-7.569,-0.359,0.039,2321.64,0,0,0,0,0,0,3,1
2_3_6_1,2,3,6,1,38338,44185,44185,AdCourt,157 KPH,Slice,NA,-11.628,1.124,2.649,2,Forced Error,NA,False,Ground,BackHand,1.71 Metre,NA,NA,False,False,True,4.64,-0.38,0.048,T,1.089,0.0,-0.126,-13.087,4.984,1.344,9.736,-4.701,0.039,13.79,-0.903,1.178,0.0,1.945,1.505,-7.106,3.626,0.031,NA,0,0,0,0,0,0,3,2
2_3_7_1,2,3,7,1,38338,44185,38338,DeuceCourt,151 KPH,Slice,NA,-11.621,-0.791,2.686,1,Forced Error,NA,False,Ground,ForeHand,2.86 Metre,NA,NA,False,False,True,6.178,3.94,0.035,Wide,1.391,-0.0,1.975,13.562,6.617,1.103,-4.381,-4.615,0.034,13.562,6.617,1.103,0.0,-5.288,2.864,-4.381,-4.615,0.034,2095.26,0,0,0,0,0,0,3,3
2_3_8_1,2,3,8,1,38338,44185,44185,AdCourt,157 KPH,NA,NA,,,,2,Unforced Error,NA,False,Ground,BackHand,1.71 Metre,NA,NA,False,False,False,,,,,,,,,,,,,,,,,,,,,,,NA,0,0,0,0,0,0,4,3
2_3_9_1,2,3,9,1,38338,44185,38338,DeuceCourt,175 KPH,NA,NA,,,,9,Forced Error,NA,False,Ground,ForeHand,NA,NA,NA,False,False,False,,,,,,,,,,,,,,,,,,,,,,,2095.26,0,0,0,0,0,0,4,4
2_3_10_1,2,3,10,1,38338,44185,38338,AdCourt,163 KPH,NA,NA,,,,7,Winner,NA,False,Ground,BackHand,NA,NA,NA,False,False,False,,,,,,,,,,,,,,,,,,,,,,,2095.26,0,0,0,0,0,0,5,4
2_4_1_1,2,4,1,1,44185,38338,44185,DeuceCourt,190 KPH,NA,NA,,,,1,Forced Error,NA,False,Ground,BackHand,NA,NA,NA,False,False,False,,,,,,,,,,,,,,,,,,,,,,,1578.54,0,0,0,0,0,0,0,0
2_4_2_1,2,4,2,1,44185,38338,44185,AdCourt,197 KPH,Flat,NA,-11.398,0.93,2.748,3,Winner,NA,False,Ground,ForeHand,1.68 Metre,Cross Court,NA,False,False,True,6.013,-3.39,0.038,Wide,1.165,-0.0,-1.98,-7.814,-0.613,0.97,10.126,2.977,0.038,13.168,-4.99,1.245,0.0,-2.37,1.7,-4.462,-1.399,0.04,3063.84,0,0,0,0,0,0,1,0
2_4_3_1,2,4,3,1,44185,38338,44185,DeuceCourt,197 KPH,NA,NA,,,,0,Faulty Serve,NA,False,Ground,BackHand,1.68 Metre,NA,NA,False,False,False,,,,,,,,,,,,,,,,,,,,,,,3063.84,1,0,0,0,0,0,2,0
2_4_3_2,2,4,3,2,44185,38338,38338,DeuceCourt,197 KPH,NA,NA,,,,4,Forced Error,NA,False,Ground,BackHand,1.68 Metre,NA,NA,False,False,False,,,,,,,,,,,,,,,,,,,,,,,3063.84,0,0,0,0,0,0,2,0
NA,2,4,4,1,NA,NA,NA,AdCourt,NA,NA,NA,,,,0,Faulty Serve,NA,False,NA,NA,NA,NA,NA,False,False,False,,,,,,,,,,,,,,,,,,,,,,,NA,1,0,0,0,0,0,2,1
2_4_4_2,2,4,4,2,44185,38338,38338,AdCourt,197 KPH,NA,NA,,,,4,Forced Error,NA,False,Ground,ForeHand,1.68 Metre,NA,NA,False,False,False,,,,,,,,,,,,,,,,,,,,,,,3063.84,0,0,0,0,0,0,2,1
2_4_5_1,2,4,5,1,44185,38338,44185,DeuceCourt,193 KPH,Slice,NA,-11.392,-1.261,2.67,1,Forced Error,NA,True,Ground,BackHand,1.16 Metre,NA,NA,False,False,True,6.172,1.256,0.044,T,1.162,-0.0,0.249,13.184,2.605,0.951,0.584,-1.74,0.04,,,,,,,,,,1626.12,0,0,0,0,0,0,2,2
2_4_6_1,2,4,6,1,44185,38338,44185,AdCourt,193 KPH,NA,NA,,,,0,Faulty Serve,NA,False,Ground,ForeHand,1.16 Metre,NA,NA,False,False,False,,,,,,,,,,,,,,,,,,,,,,,1626.12,1,0,0,0,0,0,3,2
2_4_6_2,2,4,6,2,44185,38338,38338,AdCourt,193 KPH,NA,NA,,,,2,Unforced Error,NA,False,Ground,ForeHand,1.16 Metre,NA,NA,False,False,False,,,,,,,,,,,,,,,,,,,,,,,1626.12,0,0,0,0,0,0,3,2
2_4_7_1,2,4,7,1,44185,38338,44185,DeuceCourt,169 KPH,Slice,NA,-11.359,-1.547,2.706,3,Unforced Error,NA,True,Ground,BackHand,0.57 Metre,NA,Net Error,False,False,True,4.929,3.116,0.038,Wide,1.093,0.0,1.505,14.575,-0.412,1.69,,,,12.271,5.549,1.251,0.0,1.568,1.363,-9.185,-1.31,0.043,1677.96,0,0,0,0,0,0,3,3
2_4_8_1,2,4,8,1,44185,38338,44185,AdCourt,194 KPH,Flat,NA,-11.358,1.007,2.644,1,Forced Error,NA,False,NA,ForeHand,0.97 Metre,NA,NA,False,False,True,4.981,-0.764,0.048,T,0.974,0.0,-0.281,13.666,-1.565,1.166,,,,,,,,,,,,,2033.82,0,0,0,0,0,0,4,3
2_5_1_1,2,5,1,1,38338,44185,38338,DeuceCourt,172 KPH,Pronated,NA,11.576,0.762,2.697,5,Winner,NA,False,Volley,ForeHand,0.97 Metre,Cross Court,NA,False,False,True,-4.9,-0.405,0.038,T,1.09,0.0,-0.035,5.185,0.503,0.203,-3.617,-1.075,0.04,-12.897,-0.905,1.323,0.0,-2.125,2.97,7.022,-2.809,0.039,0,0,0,0,0,0,0,0,0
2_5_2_1,2,5,2,1,38338,44185,44185,AdCourt,170 KPH,Pronated,NA,11.525,-0.817,2.661,4,Winner,NA,False,Ground,ForeHand,0.94 Metre,Down the Line,NA,False,False,True,-5.616,3.557,0.033,Wide,1.176,0.0,2.18,-14.768,-1.635,0.954,0.256,-2.322,0.028,-12.83,5.427,1.093,-0.0,0.835,2.067,9.829,-2.6,0.039,2810.7,0,0,0,0,0,0,1,0
2_5_3_1,2,5,3,1,38338,44185,44185,DeuceCourt,170 KPH,NA,NA,,,,4,Unforced Error,NA,False,Ground,ForeHand,0.94 Metre,NA,NA,False,False,False,,,,,,,,,,,,,,,,,,,,,,,2810.7,0,0,0,0,0,0,1,1
2_5_4_1,2,5,4,1,38338,44185,44185,AdCourt,170 KPH,NA,NA,,,,0,Faulty Serve,NA,False,Ground,BackHand,0.94 Metre,NA,NA,False,False,False,,,,,,,,,,,,,,,,,,,,,,,2810.7,1,0,0,0,0,0,1,2
2_5_4_2,2,5,4,2,38338,44185,38338,AdCourt,146 KPH,NA,NA,,,,1,Unforced Error,NA,False,NA,BackHand,2.15 Metre,NA,NA,False,False,False,,,,,,,,,,,,,,,,,,,,,,,2332.08,0,0,0,0,0,0,1,2
2_5_5_1,2,5,5,1,38338,44185,44185,DeuceCourt,170 KPH,NA,NA,,,,8,Forced Error,NA,False,Ground,ForeHand,0.94 Metre,NA,NA,False,False,False,,,,,,,,,,,,,,,,,,,,,,,2810.7,0,0,0,0,0,0,2,2
2_5_6_1,2,5,6,1,38338,44185,44185,AdCourt,175 KPH,Flat,NA,11.452,-0.606,2.679,10,Unforced Error,NA,False,Ground,BackHand,1.59 Metre,NA,Wide Error,True,True,True,-5.065,3.493,0.033,Wide,1.097,-0.0,2.268,13.785,-3.853,1.205,-7.777,4.54,0.031,-13.57,5.602,1.318,-0.0,1.592,2.275,10.198,-1.16,0.038,1179.78,0,0,0,0,0,0,2,3
2_6_1_1,2,6,1,1,44185,38338,44185,DeuceCourt,184 KPH,Flat,NA,11.303,1.289,2.715,1,Forced Error,NA,False,Ground,BackHand,1.22 Metre,NA,NA,False,False,True,-5.007,-1.012,0.038,T,1.039,0.0,-0.257,-13.234,-2.271,1.193,6.514,4.254,0.034,-13.234,-2.271,1.193,0.0,1.986,1.218,6.514,4.254,0.034,1337.52,0,0,0,0,0,0,0,0
NA,2,6,2,1,NA,NA,NA,AdCourt,NA,NA,NA,,,,0,Faulty Serve,NA,False,NA,NA,NA,NA,NA,False,False,False,,,,,,,,,,,,,,,,,,,,,,,NA,1,0,0,0,0,0,1,0
2_6_2_2,2,6,2,2,44185,38338,44185,AdCourt,184 KPH,NA,NA,,,,1,Unforced Error,NA,False,Ground,BackHand,1.22 Metre,NA,NA,False,False,False,,,,,,,,,,,,,,,,,,,,,,,1337.52,0,0,0,0,0,0,1,0
NA,2,6,3,1,NA,NA,NA,DeuceCourt,NA,NA,NA,,,,0,Faulty Serve,NA,False,NA,NA,NA,NA,NA,False,False,False,,,,,,,,,,,,,,,,,,,,,,,NA,1,0,0,0,0,0,2,0
2_6_3_2,2,6,3,2,44185,38338,44185,DeuceCourt,184 KPH,NA,NA,,,,1,Unforced Error,NA,False,Ground,ForeHand,1.22 Metre,NA,NA,False,False,False,,,,,,,,,,,,,,,,,,,,,,,1337.52,0,0,0,0,0,0,2,0
2_6_4_1,2,6,4,1,44185,38338,38338,AdCourt,193 KPH,NA,NA,,,,4,Forced Error,NA,False,Ground,BackHand,NA,NA,NA,False,False,False,,,,,,,,,,,,,,,,,,,,,,,1337.52,0,0,0,0,0,0,3,0
2_6_5_1,2,6,5,1,44185,38338,44185,DeuceCourt,188 KPH,NA,NA,,,,3,Winner,NA,False,Ground,BackHand,NA,NA,NA,False,False,False,,,,,,,,,,,,,,,,,,,,,,,1337.52,0,0,0,0,0,0,3,1
2_7_1_1,2,7,1,1,38338,44185,38338,DeuceCourt,137 KPH,Slice,NA,-11.811,-0.575,2.707,13,Winner,NA,False,Ground,ForeHand,1.56 Metre,Down the Line,NA,False,False,True,5.445,1.044,0.045,T,1.382,0.0,0.252,-13.195,-2.343,1.002,10.415,-4.103,0.039,12.96,2.053,1.439,0.0,1.714,1.777,-9.519,1.476,0.041,1763.76,0,0,0,0,0,0,0,0
2_7_2_1,2,7,2,1,38338,44185,44185,AdCourt,184 KPH,NA,NA,,,,2,Forced Error,NA,False,Ground,ForeHand,1.22 Metre,NA,NA,False,False,False,,,,,,,,,,,,,,,,,,,,,,,1337.52,0,0,0,0,0,0,1,0
NA,2,7,3,1,NA,NA,NA,DeuceCourt,NA,NA,NA,,,,0,Faulty Serve,NA,False,NA,NA,NA,NA,NA,False,False,False,,,,,,,,,,,,,,,,,,,,,,,NA,1,0,0,0,0,0,1,1
2_7_3_2,2,7,3,2,38338,44185,38338,DeuceCourt,145 KPH,Slice,NA,-11.656,-0.525,2.665,7,Unforced Error,NA,False,Ground,ForeHand,1.2 Metre,NA,Wide Error,False,False,True,6.098,2.033,0.044,Body,1.451,-0.0,0.914,12.915,1.853,1.071,-7.089,4.301,0.032,12.915,3.307,1.308,0.0,0.827,2.711,-11.796,-1.324,0.043,2900.22,0,0,0,0,0,0,1,1
2_7_4_1,2,7,4,1,38338,44185,44185,AdCourt,184 KPH,NA,NA,,,,2,Unforced Error,NA,False,Ground,BackHand,1.22 Metre,NA,NA,False,False,False,,,,,,,,,,,,,,,,,,,,,,,1337.52,0,0,0,0,0,0,2,1
2_7_5_1,2,7,5,1,38338,44185,44185,DeuceCourt,184 KPH,NA,NA,,,,8,Winner,NA,False,Ground,ForeHand,1.22 Metre,NA,NA,False,False,False,,,,,,,,,,,,,,,,,,,,,,,1337.52,0,0,0,0,0,0,2,2
NA,2,7,6,1,NA,NA,NA,AdCourt,NA,NA,NA,,,,0,Faulty Serve,NA,False,NA,NA,NA,NA,NA,False,False,False,,,,,,,,,,,,,,,,,,,,,,,NA,1,0,0,0,0,0,2,3
2_7_6_2,2,7,6,2,38338,44185,38338,AdCourt,145 KPH,NA,NA,,,,9,Winner,NA,False,Ground,ForeHand,1.2 Metre,NA,NA,True,False,False,,,,,,,,,,,,,,,,,,,,,,,2900.22,0,0,0,0,0,0,2,3
NA,2,7,7,1,NA,NA,NA,DeuceCourt,NA,NA,NA,,,,0,Faulty Serve,NA,False,NA,NA,NA,NA,NA,False,False,False,,,,,,,,,,,,,,,,,,,,,,,NA,1,0,0,0,0,0,3,3
2_7_7_2,2,7,7,2,38338,44185,38338,DeuceCourt,145 KPH,NA,NA,,,,13,Forced Error,NA,False,Ground,ForeHand,1.2 Metre,NA,NA,False,False,False,,,,,,,,,,,,,,,,,,,,,,,2900.22,0,0,0,0,0,0,3,3
NA,2,7,8,1,NA,NA,NA,AdCourt,NA,NA,NA,,,,0,Faulty Serve,NA,False,NA,NA,NA,NA,NA,False,False,False,,,,,,,,,,,,,,,,,,,,,,,NA,1,0,0,0,0,0,4,3
2_7_8_2,2,7,8,2,38338,44185,44185,AdCourt,184 KPH,NA,NA,,,,12,Forced Error,NA,False,Ground,ForeHand,1.22 Metre,NA,NA,False,False,False,,,,,,,,,,,,,,,,,,,,,,,1337.52,0,0,0,0,0,0,4,3
NA,2,7,9,1,NA,NA,NA,DeuceCourt,NA,NA,NA,,,,0,Faulty Serve,NA,False,NA,NA,NA,NA,NA,False,False,False,,,,,,,,,,,,,,,,,,,,,,,NA,1,0,0,0,0,0,4,4
2_7_9_2,2,7,9,2,38338,44185,44185,DeuceCourt,184 KPH,NA,NA,,,,4,Unforced Error,NA,False,Ground,BackHand,1.22 Metre,NA,NA,False,False,False,,,,,,,,,,,,,,,,,,,,,,,1337.52,0,0,0,0,0,0,4,4
NA,2,7,10,1,NA,NA,NA,AdCourt,NA,NA,NA,,,,0,Faulty Serve,NA,False,NA,NA,NA,NA,NA,False,False,False,,,,,,,,,,,,,,,,,,,,,,,NA,1,0,0,0,0,0,4,5
2_7_10_2,2,7,10,2,38338,44185,44185,AdCourt,NA,NA,NA,,,,2,Unforced Error,NA,False,Ground,BackHand,NA,NA,NA,True,True,False,,,,,,,,,,,,,,,,,,,,,,,1179.78,0,0,0,0,0,0,4,5
NA,2,8,1,1,NA,NA,NA,DeuceCourt,NA,NA,NA,,,,0,Faulty Serve,NA,False,NA,NA,NA,NA,NA,False,False,False,,,,,,,,,,,,,,,,,,,,,,,NA,1,0,0,0,0,0,0,0
2_8_1_2,2,8,1,2,44185,38338,38338,DeuceCourt,184 KPH,NA,NA,,,,2,Unforced Error,NA,False,Ground,BackHand,1.22 Metre,NA,NA,False,False,False,,,,,,,,,,,,,,,,,,,,,,,1337.52,0,0,0,0,0,0,0,0
2_8_2_1,2,8,2,1,44185,38338,44185,AdCourt,NA,NA,NA,,,,1,Ace,NA,False,,ForeHand,NA,NA,NA,False,False,False,,,,,,,,,,,,,,,,,,,,,,,0,0,0,0,1,0,0,0,1
NA,2,8,3,1,NA,NA,NA,DeuceCourt,NA,NA,NA,,,,0,Faulty Serve,NA,False,NA,NA,NA,NA,NA,False,False,False,,,,,,,,,,,,,,,,,,,,,,,NA,1,0,0,0,0,1,1,1
2_8_3_2,2,8,3,2,44185,38338,38338,DeuceCourt,NA,NA,NA,,,,0,DoubleFault,NA,False,NA,NA,NA,NA,NA,False,False,False,,,,,,,,,,,,,,,,,,,,,,,0,1,1,0,0,0,0,1,1
2_8_4_1,2,8,4,1,44185,38338,44185,AdCourt,193 KPH,Flat,NA,-11.368,1.181,2.667,1,Forced Error,NA,False,Ground,BackHand,NA,NA,NA,False,False,True,6.024,-3.445,0.038,Wide,1.149,-0.0,-1.93,12.771,-5.029,1.153,-12.885,-2.538,0.037,12.771,-5.029,1.153,-0.0,-4.129,4.378,-12.885,-2.538,0.037,836.34,0,0,0,0,1,0,1,2
NA,2,8,5,1,NA,NA,NA,DeuceCourt,NA,NA,NA,,,,0,Faulty Serve,NA,False,NA,NA,NA,NA,NA,False,False,False,,,,,,,,,,,,,,,,,,,,,,,NA,1,0,0,0,0,0,2,2
2_8_5_2,2,8,5,2,44185,38338,38338,DeuceCourt,193 KPH,NA,NA,,,,8,Unforced Error,NA,False,Ground,BackHand,NA,NA,NA,False,False,False,,,,,,,,,,,,,,,,,,,,,,,836.34,0,0,0,0,0,0,2,2
2_8_6_1,2,8,6,1,44185,38338,44185,AdCourt,191 KPH,NA,NA,,,,11,Unforced Error,NA,False,Ground,ForeHand,NA,NA,NA,True,False,False,,,,,,,,,,,,,,,,,,,,,,,836.34,0,0,0,0,0,0,2,3
NA,2,8,7,1,NA,NA,NA,DeuceCourt,NA,NA,NA,,,,0,Faulty Serve,NA,False,NA,NA,NA,NA,NA,False,False,False,,,,,,,,,,,,,,,,,,,,,,,NA,1,0,0,0,0,0,3,3
2_8_7_2,2,8,7,2,44185,38338,44185,DeuceCourt,154 KPH,Slice,NA,-11.289,-1.168,2.701,1,Forced Error,NA,False,Ground,BackHand,2.07 Metre,NA,NA,False,False,True,6.351,1.197,0.045,T,1.379,-0.0,0.056,12.103,2.318,1.292,-9.031,-4.616,0.043,12.103,2.318,1.292,-0.0,-1.622,2.066,-9.031,-4.616,0.043,1197.48,0,0,0,0,0,0,3,3
2_8_8_1,2,8,8,1,44185,38338,38338,AdCourt,188 KPH,Flat,NA,-11.415,0.829,2.737,4,Forced Error,NA,True,Ground,ForeHand,1.51 Metre,NA,NA,False,False,True,6.169,-1.146,0.039,T,1.196,-0.0,-0.532,-15.269,-2.057,0.746,-0.215,-1.777,0.039,13.335,-1.736,1.002,0.0,0.029,1.672,-10.807,1.752,0.042,877.5,0,0,0,0,0,0,4,3
2_8_9_1,2,8,9,1,44185,38338,38338,DeuceCourt,188 KPH,NA,NA,,,,0,Faulty Serve,NA,False,Ground,BackHand,1.51 Metre,NA,NA,False,False,False,,,,,,,,,,,,,,,,,,,,,,,877.5,1,0,0,0,0,0,4,4
2_8_9_2,2,8,9,2,44185,38338,38338,DeuceCourt,153 KPH,Slice,NA,-11.698,-0.977,2.728,2,Unforced Error,NA,True,Ground,BackHand,1.23 Metre,NA,NA,False,False,True,5.679,1.022,0.045,T,1.347,0.0,0.033,-12.385,0.96,0.853,,,,12.5,2.121,1.398,0.0,1.536,1.229,-6.955,1.228,0.039,2140.32,0,0,0,0,0,0,4,4
2_8_10_1,2,8,10,1,44185,38338,44185,AdCourt,189 KPH,Flat,NA,-11.415,0.951,2.703,1,Forced Error,NA,False,Ground,BackHand,2.01 Metre,NA,NA,True,False,True,6.001,-2.898,0.039,Wide,1.159,-0.0,-1.658,12.938,-4.264,1.073,-12.538,-1.769,0.041,12.938,-4.264,1.073,0.0,-3.022,2.01,-12.538,-1.769,0.041,1120.44,0,0,0,0,0,0,4,5
2_8_11_1,2,8,11,1,44185,38338,44185,DeuceCourt,189 KPH,NA,NA,,,,0,Faulty Serve,NA,False,Ground,ForeHand,2.01 Metre,NA,NA,False,False,False,,,,,,,,,,,,,,,,,,,,,,,1120.44,1,0,0,0,0,0,5,5
2_8_11_2,2,8,11,2,44185,38338,38338,DeuceCourt,145 KPH,Flat,NA,-11.436,-1.08,2.707,6,Forced Error,NA,True,Passing,ForeHand,0.2 Metre,NA,NA,False,False,True,4.763,1.066,0.048,T,1.178,-0.0,0.159,-15.342,-0.942,0.86,0.078,-2.398,0.028,12.056,2.274,1.496,0.0,1.322,1.716,-10.849,0.411,0.044,1318.86,0,0,0,0,0,0,5,5
2_8_12_1,2,8,12,1,44185,38338,44185,AdCourt,188 KPH,NA,NA,,,,7,Unforced Error,NA,False,Ground,ForeHand,NA,NA,NA,True,False,False,,,,,,,,,,,,,,,,,,,,,,,1120.44,0,0,0,0,0,0,5,6
NA,2,8,13,1,NA,NA,NA,DeuceCourt,NA,NA,NA,,,,0,Faulty Serve,NA,False,NA,NA,NA,NA,NA,False,False,False,,,,,,,,,,,,,,,,,,,,,,,NA,1,0,0,0,0,0,6,6
2_8_13_2,2,8,13,2,44185,38338,38338,DeuceCourt,NA,NA,NA,,,,0,DoubleFault,NA,False,NA,NA,NA,NA,NA,False,False,False,,,,,,,,,,,,,,,,,,,,,,,1051.8,1,1,0,0,0,0,6,6
2_8_14_1,2,8,14,1,44185,38338,44185,AdCourt,NA,NA,NA,,,,1,Ace,NA,False,,ForeHand,NA,NA,NA,True,False,False,,,,,,,,,,,,,,,,,,,,,,,0,0,0,0,1,1,0,6,7
2_8_15_1,2,8,15,1,44185,38338,44185,DeuceCourt,145 KPH,NA,NA,,,,0,Faulty Serve,NA,False,Passing,ForeHand,0.2 Metre,NA,NA,False,False,False,,,,,,,,,,,,,,,,,,,,,,,1318.86,1,0,0,0,0,1,7,7
2_8_15_2,2,8,15,2,44185,38338,38338,DeuceCourt,152 KPH,Slice,NA,-11.413,-1.095,2.725,4,Unforced Error,NA,True,Ground,ForeHand,0.8 Metre,NA,Net Error,False,False,True,4.527,0.545,0.048,T,1.093,0.0,-0.147,-14.404,0.371,0.988,-0.24,-2.501,0.028,12.243,1.903,1.344,0.0,0.538,1.876,-9.689,-0.462,0.044,2998.74,0,0,0,0,0,0,7,7
2_8_16_1,2,8,16,1,44185,38338,44185,AdCourt,192 KPH,NA,NA,,,,3,Winner,NA,False,Ground,BackHand,NA,NA,NA,True,False,False,,,,,,,,,,,,,,,,,,,,,,,1120.44,0,0,0,0,0,0,7,8
2_8_17_1,2,8,17,1,44185,38338,38338,DeuceCourt,200 KPH,NA,NA,,,,2,Winner,NA,False,Ground,BackHand,NA,NA,NA,False,False,False,,,,,,,,,,,,,,,,,,,,,,,1120.44,0,0,0,0,0,0,8,8
NA,2,8,18,1,NA,NA,NA,AdCourt,NA,NA,NA,,,,0,Faulty Serve,NA,False,NA,NA,NA,NA,NA,False,False,False,,,,,,,,,,,,,,,,,,,,,,,NA,1,0,0,0,0,0,8,9
2_8_18_2,2,8,18,2,44185,38338,38338,AdCourt,152 KPH,NA,NA,,,,2,Forced Error,NA,False,Ground,ForeHand,0.8 Metre,NA,NA,True,True,False,,,,,,,,,,,,,,,,,,,,,,,2998.74,0,0,0,0,0,0,8,9
NA,2,9,1,1,NA,NA,NA,DeuceCourt,NA,NA,NA,,,,0,Faulty Serve,NA,False,NA,NA,NA,NA,NA,False,False,False,,,,,,,,,,,,,,,,,,,,,,,NA,1,0,0,0,0,0,0,0
2_9_1_2,2,9,1,2,38338,44185,38338,DeuceCourt,152 KPH,NA,NA,,,,3,Winner,NA,False,Ground,BackHand,0.8 Metre,NA,NA,False,False,False,,,,,,,,,,,,,,,,,,,,,,,2998.74,0,0,0,0,0,0,0,0
2_9_2_1,2,9,2,1,38338,44185,38338,AdCourt,150 KPH,Flat,NA,11.566,-0.7,2.704,7,Forced Error,NA,False,Ground,ForeHand,2.98 Metre,NA,NA,False,False,True,-3.991,1.001,0.04,T,0.987,0.0,0.694,-14.861,-3.421,0.897,12.885,2.97,0.039,-13.44,1.964,1.429,0.0,-0.702,1.475,6.503,-1.974,0.038,2373.84,0,0,0,0,0,0,1,0
2_9_3_1,2,9,3,1,38338,44185,38338,DeuceCourt,148.8 KPH,Flat,0.17 Metre,11.551,1.019,2.675,0,Faulty Serve,Net Error,True,NA,ForeHand,0.83 Metre,NA,Net Error,False,False,True,0.168,-1.81,0.04,Body,0.829,0.007,-1.949,11.551,1.019,2.675,0.168,-1.81,0.04,,,,,,,,,,998.16,1,0,0,0,0,0,2,0
2_9_3_2,2,9,3,2,38338,44185,44185,DeuceCourt,189 KPH,NA,NA,,,,4,Unforced Error,NA,False,Ground,ForeHand,2.01 Metre,NA,NA,False,False,False,,,,,,,,,,,,,,,,,,,,,,,1120.44,0,0,0,0,0,0,2,0
2_9_4_1,2,9,4,1,38338,44185,38338,AdCourt,152 KPH,NA,NA,,,,7,Unforced Error,NA,False,Ground,ForeHand,0.8 Metre,NA,NA,False,False,False,,,,,,,,,,,,,,,,,,,,,,,3079.92,0,0,0,0,0,0,2,1
2_9_5_1,2,9,5,1,38338,44185,44185,DeuceCourt,189 KPH,NA,NA,,,,14,Unforced Error,NA,False,Ground,BackHand,2.01 Metre,NA,NA,False,False,False,,,,,,,,,,,,,,,,,,,,,,,1120.44,0,0,0,0,0,0,3,1
2_9_6_1,2,9,6,1,38338,44185,38338,AdCourt,NA,NA,NA,,,,1,Ace,NA,False,,ForeHand,NA,NA,NA,False,False,False,,,,,,,,,,,,,,,,,,,,,,,0,0,0,0,1,0,0,3,2
NA,2,10,1,1,NA,NA,NA,DeuceCourt,NA,NA,NA,,,,0,Faulty Serve,NA,False,NA,NA,NA,NA,NA,False,False,False,,,,,,,,,,,,,,,,,,,,,,,NA,1,0,0,0,0,1,0,0
2_10_1_2,2,10,1,2,44185,38338,44185,DeuceCourt,145 KPH,Slice,NA,11.45,1.201,2.706,3,Forced Error,NA,True,Ground,BackHand,0.58 Metre,NA,NA,False,False,True,-4.432,-1.721,0.04,Body,1.133,0.0,-0.648,-12.944,3.286,1.068,,,,-11.921,-3.616,1.172,-0.0,-3.13,1.333,7.837,-2.481,0.037,1664.94,0,0,0,0,0,0,0,0
2_10_2_1,2,10,2,1,44185,38338,44185,AdCourt,171.33 KPH,NA,0.26 Metre,11.407,-0.879,2.757,0,Faulty Serve,Net Error,True,NA,BackHand,0.88 Metre,NA,Net Error,False,False,True,0.257,1.571,0.04,Body,0.88,-0.13,1.275,11.407,-0.879,2.757,0.257,1.571,0.04,,,,,,,,,,NA,1,0,0,0,0,0,1,0
2_10_2_2,2,10,2,2,44185,38338,38338,AdCourt,144 KPH,Flat,NA,11.693,-0.875,2.772,8,Winner,NA,False,Ground,BackHand,1.06 Metre,Down the Line,NA,False,False,True,-5.522,3.019,0.039,Wide,1.309,0.0,2.059,-12.826,2.637,0.913,7.614,3.679,0.035,-11.554,4.187,1.495,0.0,1.538,1.431,9.043,-0.115,0.045,1485.36,0,0,0,0,0,0,1,0
2_10_3_1,2,10,3,1,44185,38338,38338,DeuceCourt,144 KPH,NA,NA,,,,0,Faulty Serve,NA,False,Ground,ForeHand,1.06 Metre,NA,NA,False,False,False,,,,,,,,,,,,,,,,,,,,,,,1485.36,1,0,0,0,0,0,1,1
2_10_3_2,2,10,3,2,44185,38338,38338,DeuceCourt,144 KPH,NA,NA,,,,2,Winner,NA,False,Ground,ForeHand,1.06 Metre,NA,NA,False,False,False,,,,,,,,,,,,,,,,,,,,,,,1485.36,0,0,0,0,0,0,1,1
NA,2,10,4,1,NA,NA,NA,AdCourt,NA,NA,NA,,,,0,Faulty Serve,NA,False,NA,NA,NA,NA,NA,False,False,False,,,,,,,,,,,,,,,,,,,,,,,NA,1,0,0,0,0,0,1,2
2_10_4_2,2,10,4,2,44185,38338,38338,AdCourt,140 KPH,Slice,NA,11.467,-0.924,2.718,4,Winner,NA,False,Ground,BackHand,1.75 Metre,Down the Line,NA,False,False,True,-4.036,1.504,0.04,Body,1.089,0.0,1.135,-12.446,3.246,1.073,10.499,4.123,0.038,-12.298,2.201,1.468,0.0,-0.335,1.517,8.393,-2.247,0.039,1642.38,0,0,0,0,0,0,1,2
2_10_5_1,2,10,5,1,44185,38338,44185,DeuceCourt,169 KPH,NA,NA,,,,1,Forced Error,NA,False,Ground,ForeHand,NA,NA,NA,True,False,False,,,,,,,,,,,,,,,,,,,,,,,1120.44,0,0,0,0,0,0,1,3
2_10_6_1,2,10,6,1,44185,38338,44185,AdCourt,140 KPH,NA,NA,,,,0,Faulty Serve,NA,False,Ground,ForeHand,1.75 Metre,NA,NA,True,False,False,,,,,,,,,,,,,,,,,,,,,,,1642.38,1,0,0,0,0,0,2,3
2_10_6_2,2,10,6,2,44185,38338,44185,AdCourt,148 KPH,Slice,NA,11.474,-0.791,2.735,5,Unforced Error,NA,False,Ground,ForeHand,2.25 Metre,NA,Long Error,True,False,True,-4.283,1.864,0.04,Body,1.058,0.0,1.382,-11.563,2.068,0.84,12.013,-1.855,0.036,-11.941,2.694,1.393,0.0,1.36,1.963,10.531,0.002,0.046,2823.18,0,0,0,0,0,0,2,3
NA,2,10,7,1,NA,NA,NA,DeuceCourt,NA,NA,NA,,,,0,Faulty Serve,NA,False,NA,NA,NA,NA,NA,False,False,False,,,,,,,,,,,,,,,,,,,,,,,NA,1,0,0,0,0,0,3,3
2_10_7_2,2,10,7,2,44185,38338,38338,DeuceCourt,NA,NA,NA,,,,0,DoubleFault,NA,False,NA,NA,NA,NA,NA,False,False,False,,,,,,,,,,,,,,,,,,,,,,,0,1,1,0,0,0,0,3,3
NA,2,10,8,1,NA,NA,NA,AdCourt,NA,NA,NA,,,,0,Faulty Serve,NA,False,NA,NA,NA,NA,NA,False,False,False,,,,,,,,,,,,,,,,,,,,,,,NA,1,0,0,0,1,0,3,4
2_10_8_2,2,10,8,2,44185,38338,44185,AdCourt,148 KPH,NA,NA,,,,1,Unforced Error,NA,False,Ground,ForeHand,2.25 Metre,NA,NA,True,False,False,,,,,,,,,,,,,,,,,,,,,,,2823.18,0,0,0,0,0,0,3,4
2_10_9_1,2,10,9,1,44185,38338,44185,DeuceCourt,158 KPH,NA,NA,,,,1,Forced Error,NA,False,Ground,ForeHand,NA,NA,NA,False,False,False,,,,,,,,,,,,,,,,,,,,,,,1120.44,0,0,0,0,0,0,4,4
2_10_10_1,2,10,10,1,44185,38338,44185,AdCourt,171 KPH,Slice,NA,11.492,-0.652,2.689,11,Unforced Error,NA,False,Ground,BackHand,2.03 Metre,NA,Long Error,False,False,True,-5.798,0.876,0.041,T,1.206,0.0,0.566,-12.79,0.971,1.44,12.535,4.719,0.036,-13.38,1.158,1.297,-0.0,-0.93,1.645,11.116,-2.765,0.038,1503.66,0,0,0,0,0,0,5,4
