point_ID,set_num,game_num,point_num,serve_num,server_id,returner_id,point_winner_id,court_side,serve_speed_kph,serve_type,fault_distance_missed_m,x_ball_serve_impact,y_ball_serve_impact,z_ball_serve_impact,rally_length,point_end_type,error_type,trapped_by_net,last_stroke_type,last_hand,last_stroke_net_height_m,winner_placement,unforcedErrorPlacement,is_break_point,is_break_point_converted,is_track_avail,x_serve_bounce,y_serve_bounce,z_serve_bounce,serve_dir,z_net_serve,x_net_serve,y_net_serve,last_ball_impact_x,last_ball_impact_y,last_ball_impact_z,last_ball_bounce_x,last_ball_bounce_y,last_ball_bounce_z,serve_return_impact_x,serve_return_impact_y,serve_return_impact_z,serve_return_net_x,serve_return_net_y,serve_return_net_z,serve_return_bounce_x,serve_return_bounce_y,serve_return_bounce_z,spin_rpm,is_fault,is_doublefault,is_tiebreak,is_ace,is_prev_doublefault,is_prev_ace,server_score,returner_score,player1,player2,p1_cum_games,p2_cum_games,p1_cum_sets,p2_cum_sets
1_1_1_1,1,1,1,1,33614,23726,33614,DeuceCourt,158 KPH,Slice,NA,-11.668,-1.241,2.724,1,Forced Error,NA,True,NA,ForeHand,0.93 Metre,NA,NA,False,False,True,5.612,2.658,0.04,Body,,,,11.286,4.259,1.103,,,,,,,,,,,,,1706.76,0,0,0,0,0,0,0,0,33614,23726,0,0,0,0
1_1_2_1,1,1,2,1,33614,23726,23726,AdCourt,0 KPH,NA,NA,,,,2,Forced Error,NA,False,,BackHand,0 Metre,NA,NA,False,False,False,,,,,,,,,,,,,,,,,,,,,,,0,0,0,0,0,0,0,1,0,33614,23726,0,0,0,0
1_1_3_1,1,1,3,1,33614,23726,33614,DeuceCourt,NA,NA,NA,,,,1,Ace,NA,False,,ForeHand,NA,NA,NA,False,False,False,,,,,,,,,,,,,,,,,,,,,,,0,0,0,0,1,0,0,1,1,33614,23726,0,0,0,0
1_1_4_1,1,1,4,1,33614,23726,33614,AdCourt,133 KPH,Pronated,NA,-11.514,1.617,2.674,3,Forced Error,NA,False,Passing,ForeHand,2.13 Metre,NA,NA,False,False,True,4.275,-2.685,0.034,Body,,,,14.1,3.163,0.869,-12.815,4.271,0.033,10.56,-4.404,1.699,0.0,-0.871,1.64,-7.08,1.398,0.036,1545.84,0,0,0,0,0,1,2,1,33614,23726,0,0,0,0
1_1_5_1,1,1,5,1,33614,23726,33614,DeuceCourt,NA,NA,NA,,,,1,Ace,NA,False,,ForeHand,NA,NA,NA,False,False,False,,,,,,,,,,,,,,,,,,,,,,,0,0,0,0,1,0,0,3,1,33614,23726,0,0,0,0
1_2_1_1,1,2,1,1,23726,33614,23726,DeuceCourt,163 KPH,NA,NA,,,,1,Forced Error,NA,False,,BackHand,NA,NA,NA,False,False,False,,,,,,,,,,,,,,,,,,,,,,,0,0,0,0,0,0,1,0,0,33614,23726,1,0,0,0
NA,1,2,2,1,NA,NA,NA,AdCourt,NA,NA,NA,,,,0,Faulty Serve,NA,False,NA,NA,NA,NA,NA,False,False,False,,,,,,,,,,,,,,,,,,,,,,,NA,1,0,0,0,0,0,1,0,33614,23726,1,0,0,0
1_2_2_2,1,2,2,2,23726,33614,23726,AdCourt,125 KPH,Flat,NA,-11.261,0.742,2.776,5,Winner,NA,False,Ground,ForeHand,1.4 Metre,Cross Court,NA,False,False,True,5.506,-3.488,0.033,Wide,,,,-9.977,-0.207,0.842,9.222,3.056,0.039,11.359,-4.807,1.477,0.0,-3.149,2.304,-10.183,-1.58,0.043,2984.58,0,0,0,0,0,0,1,0,33614,23726,1,0,0,0
1_2_3_1,1,2,3,1,23726,33614,23726,DeuceCourt,125 KPH,NA,NA,,,,0,Faulty Serve,NA,False,Ground,BackHand,1.4 Metre,NA,NA,False,False,False,,,,,,,,,,,,,,,,,,,,,,,2984.58,1,0,0,0,0,0,2,0,33614,23726,1,0,0,0
1_2_3_2,1,2,3,2,23726,33614,23726,DeuceCourt,138 KPH,Kick,NA,-11.535,-0.489,2.806,3,Forced Error,NA,True,Passing,BackHand,1.36 Metre,NA,NA,False,False,True,5.032,0.478,0.047,T,,,,13.837,-5.101,1.022,7.873,-0.042,0.045,12.064,1.016,1.577,0.0,0.922,1.945,-9.824,0.649,0.041,910.8,0,0,0,0,0,0,2,0,33614,23726,1,0,0,0
1_2_4_1,1,2,4,1,23726,33614,33614,AdCourt,191 KPH,NA,NA,,,,6,Winner,NA,False,,BackHand,NA,NA,NA,False,False,False,,,,,,,,,,,,,,,,,,,,,,,0,0,0,0,0,0,0,3,0,33614,23726,1,0,0,0
NA,1,2,5,1,NA,NA,NA,DeuceCourt,NA,NA,NA,,,,0,Faulty Serve,NA,False,NA,NA,NA,NA,NA,False,False,False,,,,,,,,,,,,,,,,,,,,,,,NA,1,0,0,0,0,0,3,1,33614,23726,1,0,0,0
1_2_5_2,1,2,5,2,23726,33614,33614,DeuceCourt,143 KPH,Kick,NA,-11.666,-0.678,2.794,4,Unforced Error,NA,True,Ground,ForeHand,0.27 Metre,NA,Net Error,False,False,True,5.681,1.697,0.042,Body,,,,-11.545,-4.233,1.304,,,,11.393,2.565,1.573,0.0,1.113,2.1,-10.426,-0.602,0.045,1306.86,0,0,0,0,0,0,3,1,33614,23726,1,0,0,0
1_2_6_1,1,2,6,1,23726,33614,23726,AdCourt,166 KPH,Flat,NA,-11.405,0.805,2.798,1,Forced Error,NA,True,NA,ForeHand,0.9 Metre,NA,NA,False,False,True,5.571,-0.96,0.036,T,,,,12.764,-1.512,1.07,,,,,,,,,,,,,1549.26,0,0,0,0,0,0,3,2,33614,23726,1,0,0,0
NA,1,3,1,1,NA,NA,NA,DeuceCourt,NA,NA,NA,,,,0,Faulty Serve,NA,False,NA,NA,NA,NA,NA,False,False,False,,,,,,,,,,,,,,,,,,,,,,,NA,1,0,0,0,0,0,0,0,33614,23726,1,1,0,0
1_3_1_2,1,3,1,2,33614,23726,23726,DeuceCourt,166 KPH,NA,NA,,,,4,Forced Error,NA,False,NA,ForeHand,0.9 Metre,NA,NA,False,False,False,,,,,,,,,,,,,,,,,,,,,,,1549.26,0,0,0,0,0,0,0,0,33614,23726,1,1,0,0
1_3_2_1,1,3,2,1,33614,23726,33614,AdCourt,143 KPH,NA,NA,,,,9,Unforced Error,NA,False,Ground,ForeHand,0.27 Metre,NA,NA,False,False,False,,,,,,,,,,,,,,,,,,,,,,,2417.88,0,0,0,0,0,0,0,1,33614,23726,1,1,0,0
1_3_3_1,1,3,3,1,33614,23726,23726,DeuceCourt,158 KPH,Slice,NA,11.621,1.025,2.69,4,Winner,NA,False,Ground,ForeHand,2.11 Metre,Cross Court,NA,False,False,True,-4.997,-0.681,0.038,T,,,,-12.722,-4.326,1.403,11.046,4.023,0.04,-11.062,-1.661,1.252,0.0,-0.163,1.478,9.673,1.07,0.04,2277.6,0,0,0,0,0,0,1,1,33614,23726,1,1,0,0
1_3_4_1,1,3,4,1,33614,23726,33614,AdCourt,142 KPH,Pronated,NA,11.756,-1.636,2.665,3,Winner,NA,False,Ground,ForeHand,1.28 Metre,Cross Court,NA,False,False,True,-5.121,3.607,0.03,Wide,,,,11.869,1.669,0.933,-7.145,-2.542,0.037,-11.337,5.676,1.409,0.0,3.593,1.71,8.602,2.168,0.038,2381.64,0,0,0,0,0,0,1,2,33614,23726,1,1,0,0
1_3_5_1,1,3,5,1,33614,23726,23726,DeuceCourt,158 KPH,NA,NA,,,,2,Winner,NA,False,Ground,ForeHand,2.11 Metre,NA,NA,False,False,False,,,,,,,,,,,,,,,,,,,,,,,2277.6,0,0,0,0,0,0,2,2,33614,23726,1,1,0,0
NA,1,3,6,1,NA,NA,NA,AdCourt,NA,NA,NA,,,,0,Faulty Serve,NA,False,NA,NA,NA,NA,NA,False,False,False,,,,,,,,,,,,,,,,,,,,,,,NA,1,0,0,0,0,0,2,3,33614,23726,1,1,0,0
1_3_6_2,1,3,6,2,33614,23726,33614,AdCourt,143 KPH,NA,NA,,,,1,Unforced Error,NA,False,NA,ForeHand,0.27 Metre,NA,NA,True,True,False,,,,,,,,,,,,,,,,,,,,,,,1746.72,0,0,0,0,0,0,2,3,33614,23726,1,1,0,0
NA,1,3,7,1,NA,NA,NA,DeuceCourt,NA,NA,NA,,,,0,Faulty Serve,NA,False,NA,NA,NA,NA,NA,False,False,False,,,,,,,,,,,,,,,,,,,,,,,NA,1,0,0,0,0,0,3,3,33614,23726,1,1,0,0
1_3_7_2,1,3,7,2,33614,23726,23726,DeuceCourt,158 KPH,NA,NA,,,,4,Unforced Error,NA,False,Ground,ForeHand,2.11 Metre,NA,NA,False,False,False,,,,,,,,,,,,,,,,,,,,,,,2277.6,0,0,0,0,0,0,3,3,33614,23726,1,1,0,0
1_3_8_1,1,3,8,1,33614,23726,33614,AdCourt,144 KPH,Flat,NA,11.442,-1.745,2.644,3,Unforced Error,NA,True,Ground,ForeHand,0.69 Metre,NA,Net Error,True,True,True,-5.357,2.681,0.038,Body,,,,-12.569,-0.046,0.854,0.067,1.7,0.042,-11.131,4.127,1.264,-0.0,1.323,1.119,6.16,-0.073,0.046,2960.58,0,0,0,0,0,0,3,4,33614,23726,1,1,0,0
1_3_9_1,1,3,9,1,33614,23726,23726,DeuceCourt,153 KPH,Flat,NA,11.555,1.146,2.648,2,Unforced Error,NA,False,NA,ForeHand,0.97 Metre,NA,NA,False,False,True,-12.885,-4.868,0.029,Wide,,,,,,,,,,,,,,,,,,,1604.22,0,0,0,0,0,0,4,4,33614,23726,1,1,0,0
1_3_10_1,1,3,10,1,33614,23726,23726,AdCourt,182.62 KPH,Flat,0.15 Metre,11.608,-1.296,2.664,0,Faulty Serve,Wide Error,False,NA,ForeHand,0.98 Metre,NA,NA,True,False,True,-5.382,-0.153,0.037,T,,,,11.608,-1.296,2.664,-5.382,-0.153,0.037,,,,,,,,,,NA,1,0,0,0,0,0,4,5,33614,23726,1,1,0,0
1_3_10_2,1,3,10,2,33614,23726,33614,AdCourt,144 KPH,NA,NA,,,,3,Forced Error,NA,False,Ground,ForeHand,0.69 Metre,NA,NA,True,False,False,,,,,,,,,,,,,,,,,,,,,,,2960.58,0,0,0,0,0,0,4,5,33614,23726,1,1,0,0
NA,1,3,11,1,NA,NA,NA,DeuceCourt,NA,NA,NA,,,,0,Faulty Serve,NA,False,NA,NA,NA,NA,NA,False,False,False,,,,,,,,,,,,,,,,,,,,,,,NA,1,0,0,0,0,0,5,5,33614,23726,1,1,0,0
1_3_11_2,1,3,11,2,33614,23726,33614,DeuceCourt,144 KPH,NA,NA,,,,1,Unforced Error,NA,False,NA,ForeHand,0.69 Metre,NA,NA,False,False,False,,,,,,,,,,,,,,,,,,,,,,,2038.8,0,0,0,0,0,0,5,5,33614,23726,1,1,0,0
NA,1,3,12,1,NA,NA,NA,AdCourt,NA,NA,NA,,,,0,Faulty Serve,NA,False,NA,NA,NA,NA,NA,False,False,False,,,,,,,,,,,,,,,,,,,,,,,NA,1,0,0,0,0,0,6,5,33614,23726,1,1,0,0
1_3_12_2,1,3,12,2,33614,23726,23726,AdCourt,162 KPH,Flat,NA,11.569,-1.325,2.671,4,Winner,NA,False,Ground,ForeHand,1.33 Metre,Cross Court,NA,False,False,True,-4.438,1.243,0.039,T,,,,-9.999,-1.886,1.473,7.732,2.642,0.04,-11.064,2.158,1.14,-0.0,1.963,1.846,10.915,1.682,0.038,2006.88,0,0,0,0,0,0,6,5,33614,23726,1,1,0,0
1_3_13_1,1,3,13,1,33614,23726,23726,DeuceCourt,162 KPH,NA,NA,,,,2,Winner,NA,False,Ground,BackHand,1.33 Metre,NA,NA,False,False,False,,,,,,,,,,,,,,,,,,,,,,,2006.88,0,0,0,0,0,0,6,6,33614,23726,1,1,0,0
1_3_14_1,1,3,14,1,33614,23726,23726,AdCourt,144 KPH,Flat,NA,11.551,-1.648,2.681,10,Unforced Error,NA,False,Ground,ForeHand,3.28 Metre,NA,NA,True,True,True,-4.86,2.089,0.039,Body,,,,,,,,,,-10.769,3.261,1.478,-0.0,0.221,1.862,8.952,-2.004,0.032,1125.12,0,0,0,0,0,0,6,7,33614,23726,1,1,0,0
1_4_1_1,1,4,1,1,23726,33614,23726,DeuceCourt,168 KPH,NA,NA,10.943,0.4,0.874,7,Winner,NA,False,Ground,ForeHand,1.56 Metre,NA,NA,False,False,True,11.104,0.313,0.042,T,,,,-12.952,-4.758,0.504,,,,11.707,0.928,2.793,0.0,-0.989,1.153,-6.413,-1.216,0.037,836.22,0,0,0,0,0,0,0,0,33614,23726,1,2,0,0
1_4_2_1,1,4,2,1,23726,33614,23726,AdCourt,164 KPH,Flat,NA,11.371,-0.692,2.807,3,Unforced Error,NA,False,Ground,ForeHand,2 Metre,NA,Long Error,False,False,True,-6.385,0.673,0.038,T,,,,-13.294,-2.18,1.154,12.176,-3.344,0.03,-13.312,1.147,1.119,0.0,1.077,1.928,9.592,1.202,0.04,2332.68,0,0,0,0,0,0,1,0,33614,23726,1,2,0,0
1_4_3_1,1,4,3,1,23726,33614,23726,DeuceCourt,147 KPH,Flat,NA,11.335,0.713,2.715,7,Forced Error,NA,False,Ground,ForeHand,2.23 Metre,NA,NA,False,False,True,-4.204,-3.757,0.038,Wide,,,,-13.747,-3.827,0.996,10.418,-4.679,0.03,-12.545,-6.437,1.361,0.0,-0.649,1.707,8.608,3.209,0.038,2058.72,0,0,0,0,0,0,2,0,33614,23726,1,2,0,0
NA,1,4,4,1,NA,NA,NA,AdCourt,NA,NA,NA,,,,0,Faulty Serve,NA,False,NA,NA,NA,NA,NA,False,False,False,,,,,,,,,,,,,,,,,,,,,,,NA,1,0,0,0,0,0,3,0,33614,23726,1,2,0,0
1_4_4_2,1,4,4,2,23726,33614,23726,AdCourt,159 KPH,Flat,NA,11.457,-0.87,2.668,5,Winner,NA,False,Ground,ForeHand,1.27 Metre,Down the Line,NA,False,False,True,-4.441,0.348,0.039,T,,,,12.432,-0.723,0.987,-7.979,-3.579,0.031,-16.235,0.922,0.83,-0.0,0.402,1.797,9.947,0.459,0.042,2706.48,0,0,0,0,0,0,3,0,33614,23726,1,2,0,0
1_5_1_1,1,5,1,1,33614,23726,33614,DeuceCourt,142 KPH,Slice,NA,-11.783,-0.993,2.735,1,Forced Error,NA,False,Ground,ForeHand,2.98 Metre,NA,NA,False,False,True,4.41,3.667,0.033,Wide,,,,10.833,5.888,1.288,-12.534,-0.704,0.045,10.833,5.888,1.288,-0.0,3.095,2.982,-12.534,-0.704,0.045,NA,0,0,0,0,0,0,0,0,33614,23726,1,3,0,0
1_5_2_1,1,5,2,1,33614,23726,23726,AdCourt,122 KPH,NA,NA,-11.501,1.23,2.658,0,NA,NA,True,NA,BackHand,0.9 Metre,NA,NA,False,False,True,0.0,-0.223,0.902,T,,,,-11.501,1.23,2.658,,,,,,,,,,,,,NA,0,0,0,0,0,0,1,0,33614,23726,1,3,0,0
NA,1,5,3,1,NA,NA,NA,DeuceCourt,NA,NA,NA,,,,0,Faulty Serve,NA,False,NA,NA,NA,NA,NA,False,False,False,,,,,,,,,,,,,,,,,,,,,,,NA,1,0,0,0,0,0,1,1,33614,23726,1,3,0,0
1_5_3_2,1,5,3,2,33614,23726,33614,DeuceCourt,133 KPH,Kick,NA,-11.74,-0.616,2.698,3,Unforced Error,NA,True,Ground,ForeHand,0.71 Metre,NA,Net Error,False,False,True,5.107,1.84,0.042,Body,,,,13.642,-1.892,1.371,,,,10.593,2.75,1.69,0.0,0.579,1.534,-10.788,-1.517,0.043,2629.5,0,0,0,0,0,0,1,1,33614,23726,1,3,0,0
1_5_4_1,1,5,4,1,33614,23726,33614,AdCourt,133 KPH,NA,NA,,,,0,Faulty Serve,NA,False,Ground,BackHand,0.71 Metre,NA,NA,False,False,False,,,,,,,,,,,,,,,,,,,,,,,2629.5,1,0,0,0,0,0,2,1,33614,23726,1,3,0,0
1_5_4_2,1,5,4,2,33614,23726,23726,AdCourt,129 KPH,Flat,NA,-11.601,1.425,2.66,2,Unforced Error,NA,True,Ground,BackHand,0.8 Metre,NA,Net Error,False,False,True,5.249,-2.893,0.03,Wide,,,,-11.891,3.495,0.666,-0.206,-2.242,0.033,10.316,-4.058,1.52,0.0,-0.462,1.292,-6.348,1.683,0.038,1807.26,0,0,0,0,0,0,2,1,33614,23726,1,3,0,0
1_5_5_1,1,5,5,1,33614,23726,33614,DeuceCourt,133 KPH,NA,NA,,,,1,Unforced Error,NA,False,NA,BackHand,0.71 Metre,NA,NA,False,False,False,,,,,,,,,,,,,,,,,,,,,,,1458.48,0,0,0,0,0,0,2,2,33614,23726,1,3,0,0
1_5_6_1,1,5,6,1,33614,23726,33614,AdCourt,158 KPH,Flat,NA,-11.596,1.526,2.58,3,Unforced Error,NA,False,Ground,ForeHand,1.81 Metre,NA,Long Error,False,False,True,4.252,-0.381,0.048,T,,,,11.825,-1.192,0.997,-12.199,-3.472,0.033,11.683,-1.129,1.457,-0.0,0.476,1.441,-9.92,2.154,0.033,3147.78,0,0,0,0,0,0,3,2,33614,23726,1,3,0,0
1_6_1_1,1,6,1,1,23726,33614,23726,DeuceCourt,159 KPH,NA,NA,,,,0,Faulty Serve,NA,False,Ground,ForeHand,1.27 Metre,NA,NA,False,False,False,,,,,,,,,,,,,,,,,,,,,,,2706.48,1,0,0,0,0,0,0,0,33614,23726,2,3,0,0
1_6_1_2,1,6,1,2,23726,33614,33614,DeuceCourt,135 KPH,Pronated,NA,-11.613,-0.447,2.775,4,Winner,NA,False,Overhead,ForeHand,1.91 Metre,Cross Court,NA,False,False,True,4.301,1.706,0.048,Body,,,,4.524,1.425,2.568,-8.571,-3.831,0.031,9.993,2.311,1.664,0.0,3.071,1.822,-9.899,3.683,0.033,NA,0,0,0,0,0,0,0,0,33614,23726,2,3,0,0
1_6_2_1,1,6,2,1,23726,33614,33614,AdCourt,182.69 KPH,Flat,0.55 Metre,-11.233,0.524,2.675,0,Faulty Serve,Long Error,False,NA,ForeHand,1.28 Metre,NA,NA,False,False,True,6.95,-3.132,0.03,Wide,,,,-11.233,0.524,2.675,6.95,-3.132,0.03,,,,,,,,,,NA,1,0,0,0,0,0,0,1,33614,23726,2,3,0,0
1_6_2_2,1,6,2,2,23726,33614,33614,AdCourt,139 KPH,Pronated,NA,-11.419,0.57,2.743,4,Forced Error,NA,True,Drop,ForeHand,1.54 Metre,NA,NA,False,False,True,3.879,-2.18,0.033,Body,,,,-11.81,-2.376,1.074,-4.898,-2.61,0.039,11.223,-3.745,1.738,0.0,0.049,2.039,-4.857,1.678,0.038,NA,0,0,0,0,0,0,0,1,33614,23726,2,3,0,0
1_6_3_1,1,6,3,1,23726,33614,33614,DeuceCourt,174.95 KPH,NA,NA,-11.438,-0.699,2.805,0,Faulty Serve,NA,True,NA,BackHand,0.89 Metre,NA,NA,False,False,True,,,,,,,,-11.438,-0.699,2.805,,,,,,,,,,,,,NA,1,0,0,0,0,0,0,2,33614,23726,2,3,0,0
1_6_3_2,1,6,3,2,23726,33614,23726,DeuceCourt,129 KPH,NA,NA,,,,1,Unforced Error,NA,False,Ground,BackHand,0.8 Metre,NA,NA,False,False,False,,,,,,,,,,,,,,,,,,,,,,,1807.26,0,0,0,0,0,0,0,2,33614,23726,2,3,0,0
1_6_4_1,1,6,4,1,23726,33614,23726,AdCourt,193 KPH,NA,NA,,,,3,Winner,NA,False,Ground,ForeHand,NA,NA,NA,False,False,False,,,,,,,,,,,,,,,,,,,,,,,2058.72,0,0,0,0,0,0,1,2,33614,23726,2,3,0,0
1_6_5_1,1,6,5,1,23726,33614,23726,DeuceCourt,163 KPH,NA,NA,-11.375,-1.164,0.743,1,Forced Error,NA,False,Overhead,ForeHand,1.05 Metre,NA,NA,False,False,True,-11.589,-0.921,0.044,T,,,,-11.54,-0.437,2.689,4.476,3.177,0.033,,,,,,,,,,2078.34,0,0,0,0,0,0,2,2,33614,23726,2,3,0,0
1_6_6_1,1,6,6,1,23726,33614,23726,AdCourt,177 KPH,NA,NA,,,,5,Forced Error,NA,False,Overhead,ForeHand,NA,NA,NA,False,False,False,,,,,,,,,,,,,,,,,,,,,,,2078.34,0,0,0,0,0,0,3,2,33614,23726,2,3,0,0
1_7_1_1,1,7,1,1,33614,23726,33614,DeuceCourt,176.52 KPH,NA,NA,11.473,1.286,2.675,0,Faulty Serve,NA,True,NA,BackHand,0.79 Metre,NA,NA,False,False,True,,,,,,,,11.473,1.286,2.675,,,,,,,,,,,,,0,1,0,0,0,0,0,0,0,33614,23726,2,4,0,0
1_7_1_2,1,7,1,2,33614,23726,33614,DeuceCourt,154 KPH,Slice,NA,11.729,0.943,2.664,5,Forced Error,NA,True,Drop,BackHand,0.53 Metre,NA,NA,False,False,True,-4.926,-4.004,0.039,Wide,,,,-14.867,4.012,1.216,-0.054,0.232,0.042,-10.875,-6.182,1.317,-0.0,-2.894,3.012,8.415,0.237,0.044,NA,0,0,0,0,0,0,0,0,33614,23726,2,4,0,0
1_7_2_1,1,7,2,1,33614,23726,33614,AdCourt,154 KPH,NA,NA,,,,0,Faulty Serve,NA,False,Drop,BackHand,0.53 Metre,NA,NA,False,False,False,,,,,,,,,,,,,,,,,,,,,,,NA,1,0,0,0,0,0,1,0,33614,23726,2,4,0,0
1_7_2_2,1,7,2,2,33614,23726,23726,AdCourt,168 KPH,NA,NA,,,,8,Winner,NA,False,Ground,BackHand,1.56 Metre,NA,NA,False,False,False,,,,,,,,,,,,,,,,,,,,,,,836.22,0,0,0,0,0,0,1,0,33614,23726,2,4,0,0
1_7_3_1,1,7,3,1,33614,23726,23726,DeuceCourt,163 KPH,NA,NA,,,,2,Forced Error,NA,False,Overhead,ForeHand,1.05 Metre,NA,NA,False,False,False,,,,,,,,,,,,,,,,,,,,,,,2078.34,0,0,0,0,0,0,1,1,33614,23726,2,4,0,0
1_7_4_1,1,7,4,1,33614,23726,33614,AdCourt,140 KPH,Pronated,NA,11.748,-1.565,2.636,3,Unforced Error,NA,False,Ground,ForeHand,1.89 Metre,NA,Wide Error,False,False,True,-5.064,2.793,0.03,Wide,,,,-13.651,3.767,1.486,9.55,-4.315,0.032,-11.215,4.587,1.431,0.0,0.434,2.445,9.84,-3.183,0.031,3198.6,0,0,0,0,0,0,1,2,33614,23726,2,4,0,0
1_7_5_1,1,7,5,1,33614,23726,33614,DeuceCourt,140 KPH,NA,NA,,,,3,Unforced Error,NA,False,Ground,BackHand,1.89 Metre,NA,NA,False,False,False,,,,,,,,,,,,,,,,,,,,,,,1124.04,0,0,0,0,0,0,2,2,33614,23726,2,4,0,0
1_7_6_1,1,7,6,1,33614,23726,33614,AdCourt,172 KPH,Flat,NA,11.633,-1.269,2.718,1,Forced Error,NA,False,Ground,ForeHand,1.95 Metre,NA,NA,False,False,True,-5.315,1.426,0.036,Body,,,,-11.405,2.36,0.992,12.885,-1.234,0.036,-11.405,2.36,0.992,0.0,1.049,1.945,12.885,-1.234,0.036,1854.42,0,0,0,0,0,0,3,2,33614,23726,2,4,0,0
1_8_1_1,1,8,1,1,23726,33614,23726,DeuceCourt,162 KPH,Slice,NA,11.613,0.955,2.805,3,Forced Error,NA,False,Ground,BackHand,1.37 Metre,NA,NA,False,False,True,-4.637,-1.961,0.039,Body,,,,-14.351,-1.356,1.166,6.887,4.758,0.036,-12.924,-3.884,1.414,-0.0,-1.06,1.559,7.324,0.7,0.044,1153.68,0,0,0,0,0,0,0,0,33614,23726,3,4,0,0
1_8_2_1,1,8,2,1,23726,33614,23726,AdCourt,173 KPH,Flat,NA,11.323,-0.533,2.67,1,Forced Error,NA,True,Ground,ForeHand,0.46 Metre,NA,NA,False,False,True,-4.655,0.244,0.039,T,,,,-13.853,0.483,1.2,0.013,-1.654,0.042,-13.853,0.483,1.2,-0.011,-1.529,0.463,0.013,-1.654,0.042,1014.24,0,0,0,0,0,0,1,0,33614,23726,3,4,0,0
1_8_3_1,1,8,3,1,23726,33614,23726,DeuceCourt,154 KPH,Slice,NA,11.34,1.113,2.7,3,Winner,NA,False,Ground,BackHand,1.56 Metre,Cross Court,NA,False,False,True,-4.976,-3.86,0.039,Wide,,,,13.071,-0.356,1.123,-8.378,2.363,0.031,-12.954,-6.841,1.358,-0.0,-3.552,1.712,8.787,-1.445,0.034,1555.38,0,0,0,0,0,0,2,0,33614,23726,3,4,0,0
1_8_4_1,1,8,4,1,23726,33614,23726,AdCourt,159 KPH,Flat,NA,11.18,-0.668,2.662,3,Forced Error,NA,False,Ground,BackHand,2.66 Metre,NA,NA,False,False,True,-4.3,3.584,0.028,Wide,,,,-14.078,2.388,0.921,11.309,-4.625,0.027,-12.309,5.553,1.453,0.0,4.209,3.908,9.383,2.718,0.039,1094.76,0,0,0,0,0,0,3,0,33614,23726,3,4,0,0
1_9_1_1,1,9,1,1,33614,23726,33614,DeuceCourt,163 KPH,Flat,NA,-11.567,-1.257,2.639,1,Forced Error,NA,False,Ground,ForeHand,NA,NA,NA,False,False,True,4.799,3.491,0.034,Wide,,,,10.964,5.423,1.227,-12.885,1.662,0.04,10.964,5.423,1.227,0.0,3.952,4.047,-12.885,1.662,0.04,800.88,0,0,0,0,0,0,0,0,33614,23726,3,5,0,0
1_9_2_1,1,9,2,1,33614,23726,33614,AdCourt,163 KPH,NA,NA,,,,0,Faulty Serve,NA,False,Ground,ForeHand,NA,NA,NA,False,False,False,,,,,,,,,,,,,,,,,,,,,,,800.88,1,0,0,0,0,0,1,0,33614,23726,3,5,0,0
1_9_2_2,1,9,2,2,33614,23726,33614,AdCourt,140 KPH,NA,NA,,,,1,Unforced Error,NA,False,NA,ForeHand,1.89 Metre,NA,NA,False,False,False,,,,,,,,,,,,,,,,,,,,,,,1645.56,0,0,0,0,0,0,1,0,33614,23726,3,5,0,0
1_9_3_1,1,9,3,1,33614,23726,33614,DeuceCourt,163 KPH,NA,NA,,,,0,Faulty Serve,NA,False,Ground,ForeHand,NA,NA,NA,False,False,False,,,,,,,,,,,,,,,,,,,,,,,800.88,1,0,0,0,0,0,2,0,33614,23726,3,5,0,0
1_9_3_2,1,9,3,2,33614,23726,23726,DeuceCourt,159 KPH,NA,NA,,,,2,Forced Error,NA,False,Ground,ForeHand,2.66 Metre,NA,NA,False,False,False,,,,,,,,,,,,,,,,,,,,,,,1094.76,0,0,0,0,0,0,2,0,33614,23726,3,5,0,0
NA,1,9,4,1,NA,NA,NA,AdCourt,NA,NA,NA,,,,0,Faulty Serve,NA,False,NA,NA,NA,NA,NA,False,False,False,,,,,,,,,,,,,,,,,,,,,,,NA,1,0,0,0,0,0,2,1,33614,23726,3,5,0,0
1_9_4_2,1,9,4,2,33614,23726,33614,AdCourt,163 KPH,NA,NA,,,,3,Forced Error,NA,False,Ground,BackHand,NA,NA,NA,False,False,False,,,,,,,,,,,,,,,,,,,,,,,800.88,0,0,0,0,0,0,2,1,33614,23726,3,5,0,0
1_9_5_1,1,9,5,1,33614,23726,23726,DeuceCourt,158 KPH,Slice,NA,-11.409,-1.228,2.678,2,Unforced Error,NA,True,Ground,BackHand,0.94 Metre,NA,Net Error,False,False,True,5.12,1.395,0.042,Body,,,,-11.231,1.422,0.756,0.067,1.684,0.042,12.075,2.824,1.138,0.0,2.175,1.37,-7.122,1.689,0.038,1848,0,0,0,0,0,0,3,1,33614,23726,3,5,0,0
1_9_6_1,1,9,6,1,33614,23726,33614,AdCourt,129 KPH,NA,NA,,,,5,Winner,NA,False,Ground,ForeHand,NA,NA,NA,False,False,False,,,,,,,,,,,,,,,,,,,,,,,1848,0,0,0,0,0,0,3,2,33614,23726,3,5,0,0
1_10_1_1,1,10,1,1,23726,33614,23726,DeuceCourt,161.06 KPH,Kick,0 Metre,-11.387,-0.703,2.721,0,Faulty Serve,NA,False,NA,BackHand,0.99 Metre,NA,NA,False,False,True,4.252,2.0,0.048,Body,,,,-11.387,-0.703,2.721,4.252,2.0,0.048,,,,,,,,,,908.4,1,0,0,0,0,0,0,0,33614,23726,4,5,0,0
1_10_1_2,1,10,1,2,23726,33614,33614,DeuceCourt,138 KPH,Kick,NA,-11.608,-0.435,2.776,6,Unforced Error,NA,False,Ground,BackHand,1.51 Metre,NA,NA,False,False,True,4.226,1.264,0.048,T,,,,,,,,,,11.367,2.232,2.187,0.0,1.221,2.582,-11.85,-0.205,0.046,1642.5,0,0,0,0,0,0,0,0,33614,23726,4,5,0,0
1_10_2_1,1,10,2,1,23726,33614,23726,AdCourt,180 KPH,Flat,NA,-11.255,0.508,2.713,5,Winner,NA,False,Ground,ForeHand,1.7 Metre,Cross Court,NA,False,False,True,6.226,-0.634,0.039,T,,,,-12.928,2.232,1.215,7.878,-2.115,0.032,13.338,-0.883,1.002,-0.0,1.206,2.633,-9.324,2.967,0.032,3037.2,0,0,0,0,0,0,0,1,33614,23726,4,5,0,0
1_10_3_1,1,10,3,1,23726,33614,23726,DeuceCourt,188 KPH,Flat,NA,-11.26,-0.673,2.695,1,Forced Error,NA,False,Ground,BackHand,2.64 Metre,NA,NA,False,False,True,5.682,0.672,0.044,T,,,,13.211,1.378,1.242,-12.492,-1.273,0.043,13.211,1.378,1.242,0.0,0.011,2.637,-12.492,-1.273,0.043,806.34,0,0,0,0,0,0,1,1,33614,23726,4,5,0,0
1_10_4_1,1,10,4,1,23726,33614,33614,AdCourt,148 KPH,NA,NA,,,,4,Forced Error,NA,False,Ground,ForeHand,NA,NA,NA,False,False,False,,,,,,,,,,,,,,,,,,,,,,,806.34,0,0,0,0,0,0,2,1,33614,23726,4,5,0,0
NA,1,10,5,1,NA,NA,NA,DeuceCourt,NA,NA,NA,,,,0,Faulty Serve,NA,False,NA,NA,NA,NA,NA,False,False,False,,,,,,,,,,,,,,,,,,,,,,,NA,1,0,0,0,0,0,2,2,33614,23726,4,5,0,0
1_10_5_2,1,10,5,2,23726,33614,23726,DeuceCourt,188 KPH,NA,NA,,,,1,Forced Error,NA,False,Ground,BackHand,2.64 Metre,NA,NA,False,False,False,,,,,,,,,,,,,,,,,,,,,,,806.34,0,0,0,0,0,0,2,2,33614,23726,4,5,0,0
1_10_6_1,1,10,6,1,23726,33614,23726,AdCourt,NA,NA,NA,,,,1,Ace,NA,False,,ForeHand,NA,NA,NA,False,False,False,,,,,,,,,,,,,,,,,,,,,,,0,0,0,0,1,0,0,3,2,33614,23726,4,5,0,0
2_1_1_1,2,1,1,1,33614,23726,23726,DeuceCourt,188 KPH,NA,NA,,,,4,Winner,NA,False,Ground,ForeHand,2.64 Metre,NA,NA,False,False,False,,,,,,,,,,,,,,,,,,,,,,,806.34,0,0,0,0,0,1,0,0,33614,23726,0,0,0,1
2_1_2_1,2,1,2,1,33614,23726,23726,AdCourt,159 KPH,Slice,NA,11.682,-0.891,2.662,2,Winner,NA,False,Ground,BackHand,1.59 Metre,Down the Line,NA,False,False,True,-5.546,2.209,0.039,Body,,,,-11.657,3.038,1.165,8.557,3.871,0.038,-11.657,3.038,1.165,-0.0,3.399,1.586,8.557,3.871,0.038,1092,0,0,0,0,0,0,0,1,33614,23726,0,0,0,1
2_1_3_1,2,1,3,1,33614,23726,33614,DeuceCourt,146 KPH,NA,NA,,,,3,Winner,NA,False,Ground,BackHand,NA,NA,NA,False,False,False,,,,,,,,,,,,,,,,,,,,,,,1092,0,0,0,0,0,0,0,2,33614,23726,0,0,0,1
2_1_4_1,2,1,4,1,33614,23726,33614,AdCourt,144 KPH,Flat,NA,11.719,-1.533,2.647,3,Winner,NA,False,Ground,BackHand,1.31 Metre,Cross Court,NA,False,False,True,-5.808,2.74,0.037,Body,,,,12.318,-1.544,0.845,-7.464,3.497,0.031,-11.182,4.025,1.303,0.0,1.115,1.445,8.872,-0.805,0.037,1080.12,0,0,0,0,0,0,1,2,33614,23726,0,0,0,1
2_1_5_1,2,1,5,1,33614,23726,33614,DeuceCourt,164 KPH,NA,NA,,,,1,Forced Error,NA,False,Ground,ForeHand,NA,NA,NA,False,False,False,,,,,,,,,,,,,,,,,,,,,,,1080.12,0,0,0,0,0,0,2,2,33614,23726,0,0,0,1
2_1_6_1,2,1,6,1,33614,23726,23726,AdCourt,168 KPH,NA,NA,,,,4,Winner,NA,False,Ground,ForeHand,1.56 Metre,NA,NA,False,False,False,,,,,,,,,,,,,,,,,,,,,,,836.22,0,0,0,0,0,0,3,2,33614,23726,0,0,0,1
2_1_7_1,2,1,7,1,33614,23726,23726,DeuceCourt,167.01 KPH,Pronated,0.12 Metre,11.599,1.134,2.644,0,Faulty Serve,Wide Error,False,NA,ForeHand,1.05 Metre,NA,NA,False,False,True,-4.849,0.125,0.038,T,,,,11.599,1.134,2.644,-4.849,0.125,0.038,,,,,,,,,,NA,1,0,0,0,0,0,3,3,33614,23726,0,0,0,1
2_1_7_2,2,1,7,2,33614,23726,23726,DeuceCourt,159 KPH,NA,NA,,,,4,Winner,NA,False,Ground,ForeHand,1.59 Metre,NA,NA,False,False,False,,,,,,,,,,,,,,,,,,,,,,,1092,0,0,0,0,0,0,3,3,33614,23726,0,0,0,1
2_1_8_1,2,1,8,1,33614,23726,23726,AdCourt,NA,NA,NA,,,,4,Winner,NA,False,Ground,ForeHand,NA,NA,NA,True,True,False,,,,,,,,,,,,,,,,,,,,,,,1125.12,0,0,0,0,0,0,3,4,33614,23726,0,0,0,1
2_2_1_1,2,2,1,1,23726,33614,33614,DeuceCourt,178 KPH,Flat,NA,11.533,0.709,2.784,2,Unforced Error,NA,True,NA,BackHand,0.87 Metre,NA,Net Error,False,False,True,-4.164,-3.314,0.038,Wide,,,,,,,,,,-12.813,-5.597,1.141,0.086,-2.029,0.873,-0.269,-2.091,0.033,1223.88,0,0,0,0,0,0,0,0,33614,23726,0,1,0,1
NA,2,2,2,1,NA,NA,NA,AdCourt,NA,NA,NA,,,,0,Faulty Serve,NA,False,NA,NA,NA,NA,NA,False,False,False,,,,,,,,,,,,,,,,,,,,,,,NA,1,0,0,0,0,0,0,1,33614,23726,0,1,0,1
2_2_2_2,2,2,2,2,23726,33614,23726,AdCourt,159 KPH,NA,NA,,,,1,Unforced Error,NA,False,Ground,BackHand,1.59 Metre,NA,NA,False,False,False,,,,,,,,,,,,,,,,,,,,,,,1092,0,0,0,0,0,0,0,1,33614,23726,0,1,0,1
2_2_3_1,2,2,3,1,23726,33614,33614,DeuceCourt,166 KPH,Flat,NA,11.449,0.477,2.723,2,Unforced Error,NA,True,Ground,ForeHand,0.83 Metre,NA,Net Error,False,False,True,-5.52,-3.71,0.038,Wide,,,,11.863,1.829,1.001,,,,-13.062,-5.727,1.436,0.0,-1.746,1.361,6.728,0.24,0.044,2905.08,0,0,0,0,0,0,1,1,33614,23726,0,1,0,1
NA,2,2,4,1,NA,NA,NA,AdCourt,NA,NA,NA,,,,0,Faulty Serve,NA,False,NA,NA,NA,NA,NA,False,False,False,,,,,,,,,,,,,,,,,,,,,,,NA,1,0,0,0,0,0,1,2,33614,23726,0,1,0,1
2_2_4_2,2,2,4,2,23726,33614,23726,AdCourt,177 KPH,Slice,NA,11.149,-0.61,2.681,7,Unforced Error,NA,False,Ground,BackHand,1.52 Metre,NA,Wide Error,False,False,True,-4.145,0.816,0.04,T,,,,-10.967,3.593,0.496,9.598,-4.482,0.032,-15.566,1.289,1.155,0.0,1.121,1.762,7.493,1.049,0.044,2010,0,0,0,0,0,0,1,2,33614,23726,0,1,0,1
2_2_5_1,2,2,5,1,23726,33614,33614,DeuceCourt,188.71 KPH,NA,NA,11.249,0.598,2.722,0,Faulty Serve,NA,True,NA,NA,0.57 Metre,NA,NA,False,False,True,,,,,,,,11.249,0.598,2.722,,,,,,,,,,,,,0,1,0,0,0,0,0,2,2,33614,23726,0,1,0,1
2_2_5_2,2,2,5,2,23726,33614,33614,DeuceCourt,135 KPH,NA,1.16 Metre,11.538,0.524,2.745,0,DoubleFault,Net Error,True,NA,NA,0.96 Metre,NA,Net Error,False,False,True,1.164,-2.481,0.033,Body,,,,11.538,0.524,2.745,1.164,-2.481,0.033,,,,,,,,,,980.76,1,1,0,0,0,0,2,2,33614,23726,0,1,0,1
2_2_6_1,2,2,6,1,23726,33614,23726,AdCourt,181.8 KPH,NA,NA,11.25,-0.593,2.676,0,Faulty Serve,NA,True,NA,ForeHand,0.73 Metre,NA,NA,True,False,True,,,,,,,,11.25,-0.593,2.676,,,,,,,,,,,,,NA,1,0,0,0,1,0,2,3,33614,23726,0,1,0,1
2_2_6_2,2,2,6,2,23726,33614,23726,AdCourt,133 KPH,Flat,NA,11.61,-0.852,2.785,7,Winner,NA,False,Passing,ForeHand,2.02 Metre,Cross Court,NA,True,False,True,-3.668,2.387,0.026,Body,,,,9.188,1.469,1.505,-11.373,-1.887,0.042,-13.942,4.561,0.967,-0.0,-0.307,1.69,7.928,-3.011,0.03,2187,0,0,0,0,0,0,2,3,33614,23726,0,1,0,1
2_2_7_1,2,2,7,1,23726,33614,23726,DeuceCourt,133 KPH,NA,NA,,,,0,Faulty Serve,NA,False,Passing,ForeHand,2.02 Metre,NA,NA,False,False,False,,,,,,,,,,,,,,,,,,,,,,,2187,1,0,0,0,0,0,3,3,33614,23726,0,1,0,1
2_2_7_2,2,2,7,2,23726,33614,33614,DeuceCourt,133 KPH,NA,NA,,,,4,Winner,NA,False,Passing,ForeHand,2.02 Metre,NA,NA,False,False,False,,,,,,,,,,,,,,,,,,,,,,,2187,0,0,0,0,0,0,3,3,33614,23726,0,1,0,1
2_2_8_1,2,2,8,1,23726,33614,33614,AdCourt,184.77 KPH,Pronated,0.24 Metre,11.431,-0.641,2.754,0,Faulty Serve,Wide Error,False,NA,BackHand,0.94 Metre,NA,Wide Error,True,False,True,-5.446,4.351,0.031,Wide,,,,11.431,-0.641,2.754,-5.446,4.351,0.031,,,,,,,,,,NA,1,0,0,0,0,0,3,4,33614,23726,0,1,0,1
2_2_8_2,2,2,8,2,23726,33614,23726,AdCourt,142 KPH,Pronated,NA,11.324,-0.88,2.717,5,Unforced Error,NA,False,Ground,BackHand,1.25 Metre,NA,Wide Error,True,False,True,-3.839,2.802,0.027,Wide,,,,-12.684,5.051,0.784,8.367,4.218,0.037,-13.635,5.285,1.69,0.0,0.626,2.26,10.574,-2.958,0.03,2180.76,0,0,0,0,0,0,3,4,33614,23726,0,1,0,1
2_2_9_1,2,2,9,1,23726,33614,23726,DeuceCourt,168.69 KPH,NA,NA,11.376,0.616,2.73,0,Faulty Serve,NA,False,NA,BackHand,1.25 Metre,NA,NA,False,False,True,,,,,,,,11.376,0.616,2.73,,,,,,,,,,,,,NA,1,0,0,0,0,0,4,4,33614,23726,0,1,0,1
2_2_9_2,2,2,9,2,23726,33614,33614,DeuceCourt,134 KPH,NA,NA,11.991,0.194,1.992,4,Forced Error,NA,False,Ground,BackHand,1.67 Metre,NA,NA,False,False,True,11.655,0.907,0.041,T,,,,-10.898,2.119,0.681,5.347,-3.744,0.034,11.214,0.703,2.716,-0.0,-2.454,2.167,11.655,0.907,0.041,3017.82,0,0,0,0,0,0,4,4,33614,23726,0,1,0,1
2_2_10_1,2,2,10,1,23726,33614,33614,AdCourt,134 KPH,NA,NA,,,,0,Faulty Serve,NA,False,Ground,BackHand,1.67 Metre,NA,NA,True,False,False,,,,,,,,,,,,,,,,,,,,,,,3017.82,1,0,0,0,0,0,4,5,33614,23726,0,1,0,1
2_2_10_2,2,2,10,2,23726,33614,33614,AdCourt,142 KPH,Pronated,NA,11.308,-0.867,2.684,2,Forced Error,NA,False,Ground,BackHand,1.91 Metre,NA,NA,True,True,True,-4.218,2.972,0.028,Wide,,,,12.392,-1.423,0.674,-12.885,-0.536,0.045,-9.818,4.516,1.397,0.0,1.741,1.229,7.793,-0.295,0.042,989.58,0,0,0,0,0,0,4,5,33614,23726,0,1,0,1
2_3_1_1,2,3,1,1,33614,23726,33614,DeuceCourt,161 KPH,Flat,NA,-11.537,-0.989,2.67,1,Ace,NA,False,NA,ForeHand,1.06 Metre,Cross Court,NA,False,False,True,4.77,3.759,0.033,Wide,,,,-11.537,-0.989,2.67,4.77,3.759,0.033,,,,,,,,,,NA,0,0,0,1,0,0,0,0,33614,23726,1,1,0,1
2_3_2_1,2,3,2,1,33614,23726,33614,AdCourt,142 KPH,Pronated,NA,-11.645,1.459,2.621,3,Forced Error,NA,True,Ground,ForeHand,0.91 Metre,NA,NA,False,False,True,4.71,-2.278,0.031,Body,,,,14.074,3.459,0.824,,,,10.723,-3.724,1.328,0.0,-0.541,1.791,-6.185,1.121,0.036,1538.64,0,0,0,0,0,1,1,0,33614,23726,1,1,0,1
2_3_3_1,2,3,3,1,33614,23726,23726,DeuceCourt,142 KPH,NA,NA,,,,4,Winner,NA,False,Ground,ForeHand,1.25 Metre,NA,NA,False,False,False,,,,,,,,,,,,,,,,,,,,,,,2180.76,0,0,0,0,0,0,2,0,33614,23726,1,1,0,1
NA,2,3,4,1,NA,NA,NA,AdCourt,NA,NA,NA,,,,0,Faulty Serve,NA,False,NA,NA,NA,NA,NA,False,False,False,,,,,,,,,,,,,,,,,,,,,,,NA,1,0,0,0,0,0,2,1,33614,23726,1,1,0,1
2_3_4_2,2,3,4,2,33614,23726,33614,AdCourt,135 KPH,NA,NA,,,,1,Unforced Error,NA,False,NA,ForeHand,0.96 Metre,NA,NA,False,False,False,,,,,,,,,,,,,,,,,,,,,,,1832.82,0,0,0,0,0,0,2,1,33614,23726,1,1,0,1
2_3_5_1,2,3,5,1,33614,23726,23726,DeuceCourt,137 KPH,Flat,NA,-11.568,-1.048,2.599,2,NA,NA,True,NA,BackHand,1.18 Metre,NA,NA,False,False,True,4.734,0.503,0.047,T,,,,21.03,0.761,0.891,4.734,0.503,0.047,,,,,,,,,,NA,0,0,0,0,0,0,3,1,33614,23726,1,1,0,1
NA,2,3,6,1,NA,NA,NA,AdCourt,NA,NA,NA,,,,0,Faulty Serve,NA,False,NA,NA,NA,NA,NA,False,False,False,,,,,,,,,,,,,,,,,,,,,,,NA,1,0,0,0,0,0,3,2,33614,23726,1,1,0,1
2_3_6_2,2,3,6,2,33614,23726,23726,AdCourt,137 KPH,NA,NA,,,,0,DoubleFault,NA,False,NA,BackHand,1.18 Metre,NA,NA,False,False,False,,,,,,,,,,,,,,,,,,,,,,,NA,1,1,0,0,0,0,3,2,33614,23726,1,1,0,1
2_3_7_1,2,3,7,1,33614,23726,33614,DeuceCourt,164 KPH,NA,NA,,,,9,Winner,NA,False,Ground,ForeHand,NA,NA,NA,False,False,False,,,,,,,,,,,,,,,,,,,,,,,1538.64,0,0,0,0,1,0,3,3,33614,23726,1,1,0,1
2_3_8_1,2,3,8,1,33614,23726,33614,AdCourt,140 KPH,NA,NA,,,,1,Forced Error,NA,False,Ground,ForeHand,NA,NA,NA,False,False,False,,,,,,,,,,,,,,,,,,,,,,,1538.64,0,0,0,0,0,0,4,3,33614,23726,1,1,0,1
NA,2,4,1,1,NA,NA,NA,DeuceCourt,NA,NA,NA,,,,0,Faulty Serve,NA,False,NA,NA,NA,NA,NA,False,False,False,,,,,,,,,,,,,,,,,,,,,,,NA,1,0,0,0,0,0,0,0,33614,23726,2,1,0,1
2_4_1_2,2,4,1,2,23726,33614,33614,DeuceCourt,142 KPH,NA,NA,,,,6,Unforced Error,NA,False,Ground,BackHand,1.91 Metre,NA,NA,False,False,False,,,,,,,,,,,,,,,,,,,,,,,989.58,0,0,0,0,0,0,0,0,33614,23726,2,1,0,1
2_4_2_1,2,4,2,1,23726,33614,33614,AdCourt,156 KPH,NA,NA,,,,4,Unforced Error,NA,False,Ground,BackHand,NA,NA,NA,False,False,False,,,,,,,,,,,,,,,,,,,,,,,2905.08,0,0,0,0,0,0,0,1,33614,23726,2,1,0,1
2_4_3_1,2,4,3,1,23726,33614,33614,DeuceCourt,144 KPH,NA,NA,,,,2,Unforced Error,NA,False,Ground,ForeHand,NA,NA,NA,False,False,False,,,,,,,,,,,,,,,,,,,,,,,2905.08,0,0,0,0,0,0,0,2,33614,23726,2,1,0,1
2_4_4_1,2,4,4,1,23726,33614,33614,AdCourt,NA,NA,NA,,,,0,Faulty Serve,NA,False,NA,NA,NA,NA,NA,True,False,False,,,,,,,,,,,,,,,,,,,,,,,NA,1,0,0,0,0,0,0,3,33614,23726,2,1,0,1
2_4_4_2,2,4,4,2,23726,33614,33614,AdCourt,NA,NA,NA,,,,0,DoubleFault,NA,False,NA,NA,NA,NA,NA,True,False,False,,,,,,,,,,,,,,,,,,,,,,,1700.46,1,1,0,0,0,0,0,3,33614,23726,2,1,0,1
2_5_1_1,2,5,1,1,33614,23726,33614,DeuceCourt,168.38 KPH,NA,NA,11.549,1.151,2.658,0,Faulty Serve,NA,True,NA,ForeHand,0.79 Metre,NA,NA,False,False,True,,,,,,,,11.549,1.151,2.658,,,,,,,,,,,,,NA,1,0,0,0,1,0,0,0,33614,23726,3,1,0,1
2_5_1_2,2,5,1,2,33614,23726,33614,DeuceCourt,135 KPH,NA,NA,,,,1,Unforced Error,NA,False,NA,ForeHand,0.96 Metre,NA,NA,False,False,False,,,,,,,,,,,,,,,,,,,,,,,2641.14,0,0,0,0,0,0,0,0,33614,23726,3,1,0,1
2_5_2_1,2,5,2,1,33614,23726,33614,AdCourt,162 KPH,NA,NA,,,,1,Forced Error,NA,False,Ground,ForeHand,NA,NA,NA,False,False,False,,,,,,,,,,,,,,,,,,,,,,,1538.64,0,0,0,0,0,0,1,0,33614,23726,3,1,0,1
2_5_3_1,2,5,3,1,33614,23726,23726,DeuceCourt,137 KPH,NA,NA,,,,0,NA,NA,False,NA,BackHand,1.18 Metre,NA,NA,False,False,False,,,,,,,,,,,,,,,,,,,,,,,NA,0,0,0,0,0,0,2,0,33614,23726,3,1,0,1
2_5_4_1,2,5,4,1,33614,23726,33614,AdCourt,163 KPH,NA,NA,,,,3,Winner,NA,False,Ground,BackHand,NA,NA,NA,False,False,False,,,,,,,,,,,,,,,,,,,,,,,1538.64,0,0,0,0,0,0,2,1,33614,23726,3,1,0,1
2_5_5_1,2,5,5,1,33614,23726,33614,DeuceCourt,190.06 KPH,Flat,0.47 Metre,11.491,0.987,2.59,0,Faulty Serve,Wide Error,False,NA,ForeHand,1.06 Metre,NA,NA,False,False,True,-5.586,0.465,0.037,T,,,,11.491,0.987,2.59,-5.586,0.465,0.037,,,,,,,,,,NA,1,0,0,0,0,0,3,1,33614,23726,3,1,0,1
2_5_5_2,2,5,5,2,33614,23726,33614,DeuceCourt,135 KPH,NA,NA,,,,1,Unforced Error,NA,False,NA,ForeHand,0.96 Metre,NA,NA,False,False,False,,,,,,,,,,,,,,,,,,,,,,,2114.4,0,0,0,0,0,0,3,1,33614,23726,3,1,0,1
2_6_1_1,2,6,1,1,23726,33614,33614,DeuceCourt,170 KPH,Flat,NA,11.38,0.65,2.802,4,Unforced Error,NA,False,Ground,ForeHand,1.96 Metre,NA,Long Error,False,False,True,-4.749,-0.569,0.038,T,,,,12.748,3.005,0.952,-12.137,1.089,0.039,-13.233,-1.47,1.163,0.0,-0.718,1.961,11.18,0.144,0.042,1940.76,0,0,0,0,0,0,0,0,33614,23726,4,1,0,1
NA,2,6,2,1,NA,NA,NA,AdCourt,NA,NA,NA,,,,0,Faulty Serve,NA,False,NA,NA,NA,NA,NA,False,False,False,,,,,,,,,,,,,,,,,,,,,,,NA,1,0,0,0,0,0,0,1,33614,23726,4,1,0,1
2_6_2_2,2,6,2,2,23726,33614,23726,AdCourt,138 KPH,Pronated,NA,11.582,-1.176,2.724,7,Winner,NA,False,Passing,ForeHand,1.26 Metre,Cross Court,NA,False,False,True,-5.293,3.052,0.03,Wide,,,,6.86,2.958,0.724,-8.616,-3.582,0.031,-9.775,4.383,1.48,-0.0,0.603,1.181,5.469,-1.261,0.034,3142.2,0,0,0,0,0,0,0,1,33614,23726,4,1,0,1
NA,2,6,3,1,NA,NA,NA,DeuceCourt,NA,NA,NA,,,,0,Faulty Serve,NA,False,NA,NA,NA,NA,NA,False,False,False,,,,,,,,,,,,,,,,,,,,,,,NA,1,0,0,0,0,0,1,1,33614,23726,4,1,0,1
2_6_3_2,2,6,3,2,23726,33614,33614,DeuceCourt,NA,Flat,NA,,,,0,DoubleFault,NA,False,NA,NA,NA,NA,NA,False,False,False,,,,,,,,,,,,,,,,,,,,,,,1020.66,1,1,0,0,0,0,1,1,33614,23726,4,1,0,1
2_6_4_1,2,6,4,1,23726,33614,23726,AdCourt,171.81 KPH,NA,0.17 Metre,11.461,-0.488,2.727,0,Faulty Serve,Long Error,False,NA,ForeHand,1.32 Metre,NA,NA,False,False,True,-6.567,-0.23,0.036,T,,,,11.461,-0.488,2.727,-6.567,-0.23,0.036,,,,,,,,,,NA,1,0,0,0,1,0,1,2,33614,23726,4,1,0,1
2_6_4_2,2,6,4,2,23726,33614,33614,AdCourt,146 KPH,Pronated,NA,11.192,-0.673,2.728,6,Forced Error,NA,False,Drop,ForeHand,2.07 Metre,NA,NA,False,False,True,-4.94,3.367,0.029,Wide,,,,11.367,2.0,0.848,-7.133,-4.977,0.031,-13.436,5.789,1.009,-0.0,0.229,2.516,11.406,-4.011,0.027,NA,0,0,0,0,0,0,1,2,33614,23726,4,1,0,1
2_6_5_1,2,6,5,1,23726,33614,23726,DeuceCourt,178 KPH,Flat,NA,11.613,0.627,2.73,7,Forced Error,NA,False,Ground,ForeHand,3.66 Metre,NA,NA,True,False,True,-4.43,-1.209,0.04,T,,,,-13.958,-4.057,1.078,12.885,-1.229,0.036,-12.73,-2.448,1.128,-0.0,0.405,1.362,7.51,2.026,0.041,NA,0,0,0,0,0,0,1,3,33614,23726,4,1,0,1
2_6_6_1,2,6,6,1,23726,33614,23726,AdCourt,178 KPH,NA,NA,,,,0,Faulty Serve,NA,False,Ground,ForeHand,3.66 Metre,NA,NA,True,False,False,,,,,,,,,,,,,,,,,,,,,,,NA,1,0,0,0,0,0,2,3,33614,23726,4,1,0,1
2_6_6_2,2,6,6,2,23726,33614,23726,AdCourt,138 KPH,Pronated,NA,11.532,-0.732,2.803,3,Winner,NA,False,Ground,ForeHand,1.95 Metre,Down the Line,NA,True,False,True,-5.217,3.314,0.03,Wide,,,,12.206,-1.619,0.988,-9.043,-3.245,0.03,-13.782,5.48,1.432,-0.0,1.623,1.545,8.365,-0.597,0.039,3034.44,0,0,0,0,0,0,2,3,33614,23726,4,1,0,1
2_6_7_1,2,6,7,1,23726,33614,33614,DeuceCourt,171 KPH,NA,NA,,,,2,Unforced Error,NA,False,Ground,BackHand,NA,NA,NA,False,False,False,,,,,,,,,,,,,,,,,,,,,,,NA,0,0,0,0,0,0,3,3,33614,23726,4,1,0,1
2_6_8_1,2,6,8,1,23726,33614,33614,AdCourt,175 KPH,Slice,NA,11.175,-0.681,2.692,2,Unforced Error,NA,False,Ground,ForeHand,2 Metre,NA,Wide Error,True,True,True,-4.872,0.564,0.038,T,,,,12.783,1.564,1.211,-7.762,-4.615,0.03,-12.225,0.832,1.263,0.0,1.368,1.773,9.304,1.454,0.039,2236.86,0,0,0,0,0,0,3,4,33614,23726,4,1,0,1
NA,2,7,1,1,NA,NA,NA,DeuceCourt,NA,NA,NA,,,,0,Faulty Serve,NA,False,NA,NA,NA,NA,NA,False,False,False,,,,,,,,,,,,,,,,,,,,,,,NA,1,0,0,0,0,0,0,0,33614,23726,5,1,0,1
2_7_1_2,2,7,1,2,33614,23726,23726,DeuceCourt,138 KPH,NA,NA,,,,4,Forced Error,NA,False,Ground,ForeHand,1.95 Metre,NA,NA,False,False,False,,,,,,,,,,,,,,,,,,,,,,,3034.44,0,0,0,0,0,0,0,0,33614,23726,5,1,0,1
NA,2,7,2,1,NA,NA,NA,AdCourt,NA,NA,NA,,,,0,Faulty Serve,NA,False,NA,NA,NA,NA,NA,False,False,False,,,,,,,,,,,,,,,,,,,,,,,NA,1,0,0,0,0,0,0,1,33614,23726,5,1,0,1
2_7_2_2,2,7,2,2,33614,23726,23726,AdCourt,138 KPH,NA,NA,,,,2,Forced Error,NA,False,Ground,ForeHand,1.95 Metre,NA,NA,False,False,False,,,,,,,,,,,,,,,,,,,,,,,3034.44,0,0,0,0,0,0,0,1,33614,23726,5,1,0,1
2_7_3_1,2,7,3,1,33614,23726,33614,DeuceCourt,154 KPH,Slice,NA,-11.61,-0.688,2.644,7,Unforced Error,NA,False,Ground,ForeHand,1.82 Metre,NA,Long Error,False,False,True,6.306,0.917,0.044,T,,,,11.92,-1.078,1.159,-12.885,-2.09,0.041,11.23,1.59,1.053,0.0,-0.628,1.143,-8.313,-2.454,0.031,1462.14,0,0,0,0,0,0,0,2,33614,23726,5,1,0,1
2_7_4_1,2,7,4,1,33614,23726,33614,AdCourt,139 KPH,NA,NA,-11.693,1.261,2.665,1,Forced Error,NA,False,NA,ForeHand,1.19 Metre,NA,NA,False,False,True,5.014,-1.209,0.047,T,,,,,,,,,,,,,,,,,,,1251.12,0,0,0,0,0,0,1,2,33614,23726,5,1,0,1
2_7_5_1,2,7,5,1,33614,23726,23726,DeuceCourt,138 KPH,NA,NA,,,,2,Forced Error,NA,False,Ground,BackHand,1.95 Metre,NA,NA,False,False,False,,,,,,,,,,,,,,,,,,,,,,,3034.44,0,0,0,0,0,0,2,2,33614,23726,5,1,0,1
2_7_6_1,2,7,6,1,33614,23726,33614,AdCourt,142 KPH,Kick,NA,-11.562,1.262,2.671,7,Winner,NA,False,Ground,BackHand,1.22 Metre,Down the Line,NA,True,False,True,4.346,-0.041,0.048,T,,,,-11.559,2.412,0.97,9.366,3.793,0.039,11.798,-0.385,1.572,0.0,0.65,2.561,-11.05,1.783,0.041,1457.34,0,0,0,0,0,0,2,3,33614,23726,5,1,0,1
NA,2,7,7,1,NA,NA,NA,DeuceCourt,NA,NA,NA,,,,0,Faulty Serve,NA,False,NA,NA,NA,NA,NA,False,False,False,,,,,,,,,,,,,,,,,,,,,,,NA,1,0,0,0,0,0,3,3,33614,23726,5,1,0,1
2_7_7_2,2,7,7,2,33614,23726,33614,DeuceCourt,129 KPH,Slice,NA,-11.796,-1.101,2.663,1,Unforced Error,NA,True,NA,ForeHand,0.67 Metre,NA,Net Error,False,False,True,5.2,2.654,0.04,Body,,,,10.03,3.98,1.338,,,,,,,,,,,,,1889.16,0,0,0,0,0,0,3,3,33614,23726,5,1,0,1
2_7_8_1,2,7,8,1,33614,23726,23726,AdCourt,138 KPH,NA,NA,,,,2,Unforced Error,NA,False,Ground,ForeHand,1.95 Metre,NA,NA,False,False,False,,,,,,,,,,,,,,,,,,,,,,,3034.44,0,0,0,0,0,0,4,3,33614,23726,5,1,0,1
2_7_9_1,2,7,9,1,33614,23726,23726,DeuceCourt,148 KPH,Slice,NA,-11.542,-1.181,2.714,2,Winner,NA,False,Ground,ForeHand,1.41 Metre,Down the Line,NA,False,False,True,4.582,2.657,0.033,Body,,,,11.168,4.758,1.196,-9.402,3.264,0.032,11.168,4.758,1.196,-0.0,3.722,1.412,-9.402,3.264,0.032,1367.04,0,0,0,0,0,0,4,4,33614,23726,5,1,0,1
NA,2,7,10,1,NA,NA,NA,AdCourt,NA,NA,NA,,,,0,Faulty Serve,NA,False,NA,NA,NA,NA,NA,False,False,False,,,,,,,,,,,,,,,,,,,,,,,NA,1,0,0,0,0,0,4,5,33614,23726,5,1,0,1
2_7_10_2,2,7,10,2,33614,23726,33614,AdCourt,129 KPH,NA,NA,,,,1,Unforced Error,NA,False,NA,ForeHand,0.67 Metre,NA,NA,True,True,False,,,,,,,,,,,,,,,,,,,,,,,1628.4,0,0,0,0,0,0,4,5,33614,23726,5,1,0,1
2_7_11_1,2,7,11,1,33614,23726,33614,DeuceCourt,143 KPH,Flat,NA,-11.632,-1.174,2.656,1,Unforced Error,NA,False,Overhead,ForeHand,1 Metre,NA,Long Error,False,False,True,12.885,4.615,0.035,Wide,,,,,,,,,,,,,,,,,,,1059.42,0,0,0,0,0,0,5,5,33614,23726,5,1,0,1
2_7_12_1,2,7,12,1,33614,23726,23726,AdCourt,148 KPH,NA,NA,,,,4,Forced Error,NA,False,Ground,BackHand,1.41 Metre,NA,NA,False,False,False,,,,,,,,,,,,,,,,,,,,,,,1367.04,0,0,0,0,0,0,6,5,33614,23726,5,1,0,1
2_7_13_1,2,7,13,1,33614,23726,33614,DeuceCourt,168 KPH,NA,NA,,,,7,Forced Error,NA,False,NA,ForeHand,NA,NA,NA,False,False,False,,,,,,,,,,,,,,,,,,,,,,,1029.54,0,0,0,0,0,0,6,6,33614,23726,5,1,0,1
NA,2,7,14,1,NA,NA,NA,AdCourt,NA,NA,NA,,,,0,Faulty Serve,NA,False,NA,NA,NA,NA,NA,False,False,False,,,,,,,,,,,,,,,,,,,,,,,NA,1,0,0,0,0,0,7,6,33614,23726,5,1,0,1
2_7_14_2,2,7,14,2,33614,23726,23726,AdCourt,141 KPH,Slice,NA,-11.563,1.174,2.739,4,Winner,NA,False,Ground,ForeHand,1.01 Metre,Down the Line,NA,False,False,True,5.222,-1.201,0.034,T,,,,12.856,3.345,0.905,-0.558,3.506,0.037,10.428,-1.673,1.136,-0.0,-1.158,1.843,-10.532,-0.354,0.046,1167.18,0,0,0,0,0,0,7,6,33614,23726,5,1,0,1
NA,2,7,15,1,NA,NA,NA,DeuceCourt,NA,NA,NA,,,,0,Faulty Serve,NA,False,NA,NA,NA,NA,NA,False,False,False,,,,,,,,,,,,,,,,,,,,,,,NA,1,0,0,0,0,0,7,7,33614,23726,5,1,0,1
2_7_15_2,2,7,15,2,33614,23726,23726,DeuceCourt,141 KPH,NA,NA,,,,0,DoubleFault,NA,False,Ground,BackHand,1.01 Metre,NA,NA,False,False,False,,,,,,,,,,,,,,,,,,,,,,,1167.18,1,1,0,0,0,0,7,7,33614,23726,5,1,0,1
2_7_16_1,2,7,16,1,33614,23726,23726,AdCourt,126.73 KPH,NA,2.3 Metre,-11.406,1.431,2.75,0,Faulty Serve,Net Error,True,NA,ForeHand,0.96 Metre,NA,Net Error,True,False,True,-0.208,-4.615,0.028,Wide,,,,-11.406,1.431,2.75,-0.208,-4.615,0.028,,,,,,,,,,1125.66,1,0,0,0,1,0,7,8,33614,23726,5,1,0,1
2_7_16_2,2,7,16,2,33614,23726,33614,AdCourt,143 KPH,NA,NA,,,,1,Unforced Error,NA,False,NA,ForeHand,1 Metre,NA,NA,True,True,False,,,,,,,,,,,,,,,,,,,,,,,1572.78,0,0,0,0,0,0,7,8,33614,23726,5,1,0,1
2_7_17_1,2,7,17,1,33614,23726,23726,DeuceCourt,138 KPH,NA,NA,,,,2,Forced Error,NA,False,Passing,BackHand,1.26 Metre,NA,NA,False,False,False,,,,,,,,,,,,,,,,,,,,,,,3142.2,0,0,0,0,0,0,8,8,33614,23726,5,1,0,1
NA,2,7,18,1,NA,NA,NA,AdCourt,NA,NA,NA,,,,0,Faulty Serve,NA,False,NA,NA,NA,NA,NA,False,False,False,,,,,,,,,,,,,,,,,,,,,,,NA,1,0,0,0,0,0,8,9,33614,23726,5,1,0,1
2_7_18_2,2,7,18,2,33614,23726,33614,AdCourt,137 KPH,Flat,NA,-11.689,1.465,2.651,3,Unforced Error,NA,True,Ground,BackHand,0.83 Metre,NA,Net Error,True,True,True,4.598,-2.448,0.033,Body,,,,12.316,-1.709,0.964,,,,10.837,-3.885,1.485,0.0,-0.176,1.062,-5.643,1.604,0.037,1262.64,0,0,0,0,0,0,8,9,33614,23726,5,1,0,1
2_7_19_1,2,7,19,1,33614,23726,23726,DeuceCourt,160 KPH,Slice,NA,-11.623,-1.015,2.677,2,Winner,NA,False,Ground,ForeHand,1.51 Metre,Cross Court,NA,False,False,True,5.842,3.699,0.035,Wide,,,,10.367,5.095,1.048,-6.801,-3.886,0.037,10.367,5.095,1.048,0.0,-0.172,1.513,-6.801,-3.886,0.037,1213.62,0,0,0,0,0,0,9,9,33614,23726,5,1,0,1
2_7_20_1,2,7,20,1,33614,23726,33614,AdCourt,175 KPH,NA,NA,,,,1,Forced Error,NA,False,Ground,ForeHand,NA,NA,NA,True,False,False,,,,,,,,,,,,,,,,,,,,,,,1213.62,0,0,0,0,0,0,9,10,33614,23726,5,1,0,1
2_7_21_1,2,7,21,1,33614,23726,23726,DeuceCourt,163 KPH,Flat,NA,-11.647,-0.937,2.628,2,Unforced Error,NA,False,Ground,ForeHand,2.45 Metre,NA,Long Error,False,False,True,5.266,3.58,0.034,Wide,,,,-11.125,-1.872,0.981,12.885,-2.883,0.031,10.927,5.261,1.259,0.0,1.723,1.493,-7.465,-0.648,0.036,2344.98,0,0,0,0,0,0,10,10,33614,23726,5,1,0,1
2_7_22_1,2,7,22,1,33614,23726,23726,AdCourt,147 KPH,Flat,NA,-11.707,1.357,2.605,2,Winner,NA,False,Ground,BackHand,0.97 Metre,Cross Court,NA,True,True,True,5.599,-2.82,0.03,Wide,,,,10.738,-3.886,1.209,-6.138,2.47,0.038,10.738,-3.886,1.209,0.0,0.157,0.968,-6.138,2.47,0.038,997.5,0,0,0,0,0,0,10,11,33614,23726,5,1,0,1
2_8_1_1,2,8,1,1,23726,33614,33614,DeuceCourt,175 KPH,NA,NA,,,,0,Faulty Serve,NA,False,Ground,ForeHand,2 Metre,NA,NA,False,False,False,,,,,,,,,,,,,,,,,,,,,,,2236.86,1,0,0,0,0,0,0,0,33614,23726,5,2,0,1
2_8_1_2,2,8,1,2,23726,33614,33614,DeuceCourt,175 KPH,NA,NA,,,,4,Unforced Error,NA,False,Ground,ForeHand,2 Metre,NA,NA,False,False,False,,,,,,,,,,,,,,,,,,,,,,,2236.86,0,0,0,0,0,0,0,0,33614,23726,5,2,0,1
NA,2,8,2,1,NA,NA,NA,AdCourt,NA,NA,NA,,,,0,Faulty Serve,NA,False,NA,NA,NA,NA,NA,False,False,False,,,,,,,,,,,,,,,,,,,,,,,NA,1,0,0,0,0,0,0,1,33614,23726,5,2,0,1
2_8_2_2,2,8,2,2,23726,33614,23726,AdCourt,150 KPH,Kick,NA,-11.444,0.425,2.745,1,Unforced Error,NA,True,NA,ForeHand,0.86 Metre,NA,Net Error,False,False,True,4.689,-0.402,0.047,T,,,,10.985,-0.457,1.542,,,,,,,,,,,,,1363.26,0,0,0,0,0,0,0,1,33614,23726,5,2,0,1
2_8_3_1,2,8,3,1,23726,33614,23726,DeuceCourt,150 KPH,NA,NA,,,,0,Faulty Serve,NA,False,NA,BackHand,0.86 Metre,NA,NA,False,False,False,,,,,,,,,,,,,,,,,,,,,,,1363.26,1,0,0,0,0,0,1,1,33614,23726,5,2,0,1
2_8_3_2,2,8,3,2,23726,33614,23726,DeuceCourt,138 KPH,NA,NA,,,,5,Winner,NA,False,Passing,BackHand,1.26 Metre,NA,NA,False,False,False,,,,,,,,,,,,,,,,,,,,,,,3142.2,0,0,0,0,0,0,1,1,33614,23726,5,2,0,1
2_8_4_1,2,8,4,1,23726,33614,23726,AdCourt,NA,NA,NA,,,,1,Ace,NA,False,,ForeHand,NA,NA,NA,False,False,False,,,,,,,,,,,,,,,,,,,,,,,0,0,0,0,1,0,0,2,1,33614,23726,5,2,0,1
2_8_5_1,2,8,5,1,23726,33614,23726,DeuceCourt,150 KPH,NA,NA,,,,0,Faulty Serve,NA,False,NA,ForeHand,0.86 Metre,NA,NA,False,False,False,,,,,,,,,,,,,,,,,,,,,,,1363.26,1,0,0,0,0,1,3,1,33614,23726,5,2,0,1
2_8_5_2,2,8,5,2,23726,33614,23726,DeuceCourt,138 KPH,NA,NA,,,,9,Winner,NA,False,Passing,ForeHand,1.26 Metre,NA,NA,False,False,False,,,,,,,,,,,,,,,,,,,,,,,3142.2,0,0,0,0,0,0,3,1,33614,23726,5,2,0,1
2_9_1_1,2,9,1,1,33614,23726,33614,DeuceCourt,154 KPH,NA,NA,,,,3,Forced Error,NA,False,Ground,BackHand,NA,NA,NA,False,False,False,,,,,,,,,,,,,,,,,,,,,,,997.5,0,0,0,0,0,0,0,0,33614,23726,5,3,0,1
2_9_2_1,2,9,2,1,33614,23726,33614,AdCourt,137 KPH,NA,NA,,,,3,Unforced Error,NA,False,Ground,ForeHand,0.83 Metre,NA,NA,False,False,False,,,,,,,,,,,,,,,,,,,,,,,1348.2,0,0,0,0,0,0,1,0,33614,23726,5,3,0,1
2_9_3_1,2,9,3,1,33614,23726,33614,DeuceCourt,NA,NA,NA,,,,1,Ace,NA,False,NA,ForeHand,NA,NA,NA,False,False,False,,,,,,,,,,,,,,,,,,,,,,,NA,0,0,0,1,0,0,2,0,33614,23726,5,3,0,1
2_9_4_1,2,9,4,1,33614,23726,33614,AdCourt,161 KPH,NA,NA,,,,1,Forced Error,NA,False,Ground,ForeHand,NA,NA,NA,False,False,False,,,,,,,,,,,,,,,,,,,,,,,997.5,0,0,0,0,0,1,3,0,33614,23726,5,3,0,1
3_1_1_1,3,1,1,1,23726,33614,23726,DeuceCourt,150 KPH,NA,NA,,,,0,Faulty Serve,NA,False,NA,ForeHand,0.86 Metre,NA,NA,False,False,False,,,,,,,,,,,,,,,,,,,,,,,1363.26,1,0,0,0,0,0,0,0,33614,23726,0,0,1,1
3_1_1_2,3,1,1,2,23726,33614,23726,DeuceCourt,138 KPH,Slice,NA,11.282,0.667,2.743,11,Unforced Error,NA,False,Ground,ForeHand,3.24 Metre,NA,Wide Error,False,False,True,-4.476,-0.99,0.039,T,,,,-13.079,3.241,1.418,9.84,-4.449,0.031,-14.884,-2.532,0.784,-0.0,0.639,1.59,9.236,2.677,0.039,2908.92,0,0,0,0,0,0,0,0,33614,23726,0,0,1,1
3_1_2_1,3,1,2,1,23726,33614,33614,AdCourt,175 KPH,Flat,NA,11.456,-0.452,2.745,8,Winner,NA,False,Ground,ForeHand,1.36 Metre,Cross Court,NA,False,False,True,-4.326,0.598,0.04,T,,,,-7.692,-3.607,1.104,7.631,3.264,0.035,-12.722,0.985,1.254,-0.0,0.705,1.525,6.827,0.375,0.044,2968.98,0,0,0,0,0,0,1,0,33614,23726,0,0,1,1
3_1_3_1,3,1,3,1,23726,33614,33614,DeuceCourt,185.04 KPH,Flat,0.79 Metre,11.286,0.64,2.721,0,Faulty Serve,Long Error,False,NA,NA,1.33 Metre,NA,NA,False,False,True,-7.193,-0.696,0.036,T,,,,11.286,0.64,2.721,-7.193,-0.696,0.036,,,,,,,,,,NA,1,0,0,0,0,0,1,1,33614,23726,0,0,1,1
3_1_3_2,3,1,3,2,23726,33614,33614,DeuceCourt,NA,Flat,NA,,,,0,DoubleFault,NA,False,NA,NA,NA,NA,NA,False,False,False,,,,,,,,,,,,,,,,,,,,,,,1510.5,1,1,0,0,0,0,1,1,33614,23726,0,0,1,1
NA,3,1,4,1,NA,NA,NA,AdCourt,NA,NA,NA,,,,0,Faulty Serve,NA,False,NA,NA,NA,NA,NA,False,False,False,,,,,,,,,,,,,,,,,,,,,,,NA,1,0,0,0,1,0,1,2,33614,23726,0,0,1,1
3_1_4_2,3,1,4,2,23726,33614,23726,AdCourt,138 KPH,NA,NA,,,,11,Forced Error,NA,False,Ground,ForeHand,3.24 Metre,NA,NA,False,False,False,,,,,,,,,,,,,,,,,,,,,,,2908.92,0,0,0,0,0,0,1,2,33614,23726,0,0,1,1
NA,3,1,5,1,NA,NA,NA,DeuceCourt,NA,NA,NA,,,,0,Faulty Serve,NA,False,NA,NA,NA,NA,NA,False,False,False,,,,,,,,,,,,,,,,,,,,,,,NA,1,0,0,0,0,0,2,2,33614,23726,0,0,1,1
3_1_5_2,3,1,5,2,23726,33614,23726,DeuceCourt,139 KPH,Flat,NA,11.371,0.621,2.761,1,Unforced Error,NA,False,Ground,BackHand,1.56 Metre,NA,Long Error,False,False,True,-4.244,-1.305,0.04,T,,,,-9.877,-2.1,1.356,12.337,-1.902,0.033,-9.877,-2.1,1.356,-0.0,-2.063,1.561,12.337,-1.902,0.033,879.54,0,0,0,0,0,0,2,2,33614,23726,0,0,1,1
3_1_6_1,3,1,6,1,23726,33614,23726,AdCourt,172 KPH,Flat,NA,11.146,-0.577,2.71,1,Forced Error,NA,True,Ground,BackHand,1.14 Metre,NA,NA,False,False,True,-5.398,3.809,0.031,Wide,,,,-12.708,5.578,1.261,-1.592,5.021,0.022,,,,,,,,,,872.76,0,0,0,0,0,0,3,2,33614,23726,0,0,1,1
3_2_1_1,3,2,1,1,33614,23726,23726,DeuceCourt,138 KPH,NA,NA,,,,6,Winner,NA,False,Passing,ForeHand,1.26 Metre,NA,NA,False,False,False,,,,,,,,,,,,,,,,,,,,,,,3142.2,0,0,0,0,0,0,0,0,33614,23726,0,1,1,1
3_2_2_1,3,2,2,1,33614,23726,33614,AdCourt,164 KPH,Slice,NA,11.622,-1.259,2.684,1,Forced Error,NA,False,Ground,ForeHand,1.69 Metre,NA,NA,False,False,True,-5.425,0.438,0.037,T,,,,-11.704,0.761,1.31,10.615,-4.615,0.023,-11.704,0.761,1.31,-0.0,-2.454,1.689,10.615,-4.615,0.023,1035.42,0,0,0,0,0,0,0,1,33614,23726,0,1,1,1
3_2_3_1,3,2,3,1,33614,23726,33614,DeuceCourt,155 KPH,Slice,NA,11.572,1.018,2.684,7,Winner,NA,False,NA,ForeHand,1.5 Metre,Cross Court,NA,False,False,True,-5.848,-4.05,0.038,Wide,,,,6.291,-0.782,1.73,-4.113,2.414,0.027,-11.048,-5.961,1.089,0.0,-4.337,3.167,7.643,-3.744,0.03,NA,0,0,0,0,0,0,1,1,33614,23726,0,1,1,1
3_2_4_1,3,2,4,1,33614,23726,23726,AdCourt,138 KPH,NA,NA,,,,4,Winner,NA,False,Passing,ForeHand,1.26 Metre,NA,NA,False,False,False,,,,,,,,,,,,,,,,,,,,,,,3142.2,0,0,0,0,0,0,2,1,33614,23726,0,1,1,1
3_2_5_1,3,2,5,1,33614,23726,23726,DeuceCourt,172 KPH,NA,NA,,,,2,Unforced Error,NA,False,Ground,ForeHand,1.14 Metre,NA,NA,False,False,False,,,,,,,,,,,,,,,,,,,,,,,872.76,0,0,0,0,0,0,2,2,33614,23726,0,1,1,1
3_2_6_1,3,2,6,1,33614,23726,23726,AdCourt,155 KPH,NA,NA,,,,0,Faulty Serve,NA,False,NA,ForeHand,1.5 Metre,NA,NA,True,False,False,,,,,,,,,,,,,,,,,,,,,,,NA,1,0,0,0,0,0,2,3,33614,23726,0,1,1,1
3_2_6_2,3,2,6,2,33614,23726,33614,AdCourt,155 KPH,NA,NA,,,,3,Winner,NA,False,NA,ForeHand,1.5 Metre,NA,NA,True,False,False,,,,,,,,,,,,,,,,,,,,,,,NA,0,0,0,0,0,0,2,3,33614,23726,0,1,1,1
3_2_7_1,3,2,7,1,33614,23726,33614,DeuceCourt,160 KPH,Slice,NA,11.713,1.05,2.719,1,Forced Error,NA,True,Drop,BackHand,0.63 Metre,NA,NA,False,False,True,-4.744,-0.092,0.038,T,,,,-12.326,-1.061,1.291,-0.572,0.568,0.045,-12.326,-1.061,1.291,-0.005,0.406,0.626,-0.572,0.568,0.045,NA,0,0,0,0,0,0,3,3,33614,23726,0,1,1,1
3_2_8_1,3,2,8,1,33614,23726,33614,AdCourt,164 KPH,NA,NA,,,,1,Forced Error,NA,False,Drop,ForeHand,NA,NA,NA,False,False,False,,,,,,,,,,,,,,,,,,,,,,,NA,0,0,0,0,0,0,4,3,33614,23726,0,1,1,1
3_3_1_1,3,3,1,1,23726,33614,23726,DeuceCourt,159 KPH,NA,NA,,,,3,Forced Error,NA,False,Ground,BackHand,NA,NA,NA,False,False,False,,,,,,,,,,,,,,,,,,,,,,,872.76,0,0,0,0,0,0,0,0,33614,23726,1,1,1,1
3_3_2_1,3,3,2,1,23726,33614,33614,AdCourt,167 KPH,NA,NA,,,,2,Unforced Error,NA,False,Ground,ForeHand,NA,NA,NA,False,False,False,,,,,,,,,,,,,,,,,,,,,,,872.76,0,0,0,0,0,0,1,0,33614,23726,1,1,1,1
NA,3,3,3,1,NA,NA,NA,DeuceCourt,NA,NA,NA,,,,0,Faulty Serve,NA,False,NA,NA,NA,NA,NA,False,False,False,,,,,,,,,,,,,,,,,,,,,,,NA,1,0,0,0,0,0,1,1,33614,23726,1,1,1,1
3_3_3_2,3,3,3,2,23726,33614,33614,DeuceCourt,138 KPH,Flat,NA,-11.674,-0.576,2.808,4,Unforced Error,NA,False,Ground,ForeHand,1.99 Metre,NA,Long Error,False,False,True,5.198,1.264,0.042,T,,,,-10.506,0.279,1.724,12.311,1.922,0.039,11.033,2.001,1.419,0.0,0.554,1.946,-11.308,-1.216,0.043,2356.86,0,0,0,0,0,0,1,1,33614,23726,1,1,1,1
3_3_4_1,3,3,4,1,23726,33614,23726,AdCourt,180 KPH,Flat,NA,-11.209,0.406,2.717,1,Forced Error,NA,False,Ground,ForeHand,NA,NA,NA,False,False,True,4.585,-0.198,0.047,T,,,,12.644,-0.407,1.308,-12.885,4.615,0.031,12.644,-0.407,1.308,0.0,3.678,5.944,-12.885,4.615,0.031,1352.94,0,0,0,0,0,0,1,2,33614,23726,1,1,1,1
3_3_5_1,3,3,5,1,23726,33614,33614,DeuceCourt,176 KPH,NA,NA,,,,4,Forced Error,NA,False,Ground,BackHand,NA,NA,NA,False,False,False,,,,,,,,,,,,,,,,,,,,,,,1352.94,0,0,0,0,0,0,2,2,33614,23726,1,1,1,1
3_3_6_1,3,3,6,1,23726,33614,23726,AdCourt,144 KPH,NA,NA,,,,3,Winner,NA,False,Ground,ForeHand,NA,NA,NA,True,False,False,,,,,,,,,,,,,,,,,,,,,,,1352.94,0,0,0,0,0,0,2,3,33614,23726,1,1,1,1
3_3_7_1,3,3,7,1,23726,33614,23726,DeuceCourt,155 KPH,NA,NA,,,,3,Winner,NA,False,Ground,ForeHand,NA,NA,NA,False,False,False,,,,,,,,,,,,,,,,,,,,,,,1352.94,0,0,0,0,0,0,3,3,33614,23726,1,1,1,1
3_3_8_1,3,3,8,1,23726,33614,33614,AdCourt,129 KPH,NA,NA,,,,8,Unforced Error,NA,False,Ground,ForeHand,NA,NA,NA,False,False,False,,,,,,,,,,,,,,,,,,,,,,,1352.94,0,0,0,0,0,0,4,3,33614,23726,1,1,1,1
3_3_9_1,3,3,9,1,23726,33614,33614,DeuceCourt,187.91 KPH,Flat,0.04 Metre,-11.221,-0.691,2.723,0,Faulty Serve,Long Error,False,NA,BackHand,1.21 Metre,NA,NA,False,False,True,6.442,0.604,0.044,T,,,,-11.221,-0.691,2.723,6.442,0.604,0.044,,,,,,,,,,NA,1,0,0,0,0,0,4,4,33614,23726,1,1,1,1
3_3_9_2,3,3,9,2,23726,33614,23726,DeuceCourt,145 KPH,NA,NA,-10.752,-0.589,0.814,1,Unforced Error,NA,False,Overhead,BackHand,1.27 Metre,NA,NA,False,False,True,-11.105,-0.533,0.046,T,,,,-11.483,-0.618,2.762,5.212,1.102,0.047,,,,,,,,,,1669.8,0,0,0,0,0,0,4,4,33614,23726,1,1,1,1
3_3_10_1,3,3,10,1,23726,33614,33614,AdCourt,138 KPH,NA,NA,,,,0,NA,NA,False,Ground,BackHand,1.99 Metre,NA,NA,False,False,False,,,,,,,,,,,,,,,,,,,,,,,2356.86,0,0,0,0,0,0,5,4,33614,23726,1,1,1,1
NA,3,3,11,1,NA,NA,NA,DeuceCourt,NA,NA,NA,,,,0,Faulty Serve,NA,False,NA,NA,NA,NA,NA,False,False,False,,,,,,,,,,,,,,,,,,,,,,,NA,1,0,0,0,0,0,5,5,33614,23726,1,1,1,1
3_3_11_2,3,3,11,2,23726,33614,23726,DeuceCourt,136 KPH,Pronated,NA,-11.654,-0.445,2.766,1,Unforced Error,NA,False,Ground,BackHand,1.42 Metre,NA,Wide Error,False,False,True,4.066,0.82,0.047,T,,,,10.349,1.325,1.651,-7.995,-4.615,0.029,10.349,1.325,1.651,0.0,-2.777,1.415,-7.995,-4.615,0.029,NA,0,0,0,0,0,0,5,5,33614,23726,1,1,1,1
3_3_12_1,3,3,12,1,23726,33614,33614,AdCourt,166 KPH,NA,NA,,,,2,Unforced Error,NA,False,Ground,ForeHand,NA,NA,NA,False,False,False,,,,,,,,,,,,,,,,,,,,,,,1352.94,0,0,0,0,0,0,6,5,33614,23726,1,1,1,1
3_3_13_1,3,3,13,1,23726,33614,33614,DeuceCourt,145 KPH,NA,NA,,,,2,Forced Error,NA,False,Ground,ForeHand,NA,NA,NA,False,False,False,,,,,,,,,,,,,,,,,,,,,,,1352.94,0,0,0,0,0,0,6,6,33614,23726,1,1,1,1
NA,3,3,14,1,NA,NA,NA,AdCourt,NA,NA,NA,,,,0,Faulty Serve,NA,False,NA,NA,NA,NA,NA,False,False,False,,,,,,,,,,,,,,,,,,,,,,,NA,1,0,0,0,0,0,6,7,33614,23726,1,1,1,1
3_3_14_2,3,3,14,2,23726,33614,33614,AdCourt,131 KPH,Pronated,NA,-11.298,0.735,2.719,2,Unforced Error,NA,False,Ground,ForeHand,2.01 Metre,NA,Long Error,True,True,True,4.386,-2.943,0.034,Wide,,,,-11.842,2.587,0.864,12.868,-4.74,0.026,15.709,-5.623,1.081,0.0,-0.723,1.524,-6.63,1.162,0.036,3185.04,0,0,0,0,0,0,6,7,33614,23726,1,1,1,1
3_4_1_1,3,4,1,1,33614,23726,33614,DeuceCourt,160 KPH,Flat,NA,-11.466,-1.166,2.723,1,Forced Error,NA,False,Ground,ForeHand,2.42 Metre,NA,NA,False,False,True,4.616,3.005,0.033,Wide,,,,10.974,4.802,1.269,-11.155,-4.405,0.033,10.974,4.802,1.269,0.0,0.223,2.423,-11.155,-4.405,0.033,2486.04,0,0,0,0,0,0,0,0,33614,23726,2,1,1,1
NA,3,4,2,1,NA,NA,NA,AdCourt,NA,NA,NA,,,,0,Faulty Serve,NA,False,NA,NA,NA,NA,NA,False,False,False,,,,,,,,,,,,,,,,,,,,,,,NA,1,0,0,0,0,0,1,0,33614,23726,2,1,1,1
3_4_2_2,3,4,2,2,33614,23726,23726,AdCourt,119 KPH,Flat,NA,-11.546,1.627,2.688,4,Unforced Error,NA,True,Ground,BackHand,0.93 Metre,NA,Net Error,False,False,True,4.912,-2.145,0.031,Body,,,,-12.379,2.779,1.181,-0.044,3.326,0.036,9.673,-3.209,1.318,0.0,0.413,1.777,-7.159,3.06,0.036,1936.38,0,0,0,0,0,0,1,0,33614,23726,2,1,1,1
3_4_3_1,3,4,3,1,33614,23726,33614,DeuceCourt,165 KPH,Slice,NA,-11.586,-0.97,2.662,5,Winner,NA,False,Ground,BackHand,1.34 Metre,Down the Line,NA,False,False,True,4.319,0.927,0.048,T,,,,-11.706,3.763,0.626,8.514,3.78,0.037,11.075,1.992,1.302,-0.0,2.189,1.572,-9.43,2.091,0.032,1560.96,0,0,0,0,0,0,1,1,33614,23726,2,1,1,1
3_4_4_1,3,4,4,1,33614,23726,23726,AdCourt,119 KPH,NA,NA,,,,6,Forced Error,NA,False,Ground,ForeHand,0.93 Metre,NA,NA,False,False,False,,,,,,,,,,,,,,,,,,,,,,,1936.38,0,0,0,0,0,0,2,1,33614,23726,2,1,1,1
3_4_5_1,3,4,5,1,33614,23726,23726,DeuceCourt,165 KPH,NA,NA,,,,0,Faulty Serve,NA,False,Ground,ForeHand,1.34 Metre,NA,NA,False,False,False,,,,,,,,,,,,,,,,,,,,,,,1560.96,1,0,0,0,0,0,2,2,33614,23726,2,1,1,1
3_4_5_2,3,4,5,2,33614,23726,33614,DeuceCourt,127 KPH,Slice,NA,-11.666,-1.015,2.728,1,Unforced Error,NA,False,Ground,ForeHand,1.85 Metre,NA,Long Error,False,False,True,4.403,2.577,0.033,Body,,,,9.918,4.082,1.337,-12.662,-4.614,0.03,9.918,4.082,1.337,0.0,0.32,1.849,-12.662,-4.614,0.03,2405.82,0,0,0,0,0,0,2,2,33614,23726,2,1,1,1
3_4_6_1,3,4,6,1,33614,23726,33614,AdCourt,139 KPH,NA,NA,,,,1,Forced Error,NA,False,Ground,BackHand,NA,NA,NA,False,False,False,,,,,,,,,,,,,,,,,,,,,,,1560.96,0,0,0,0,0,0,3,2,33614,23726,2,1,1,1
NA,3,5,1,1,NA,NA,NA,DeuceCourt,NA,NA,NA,,,,0,Faulty Serve,NA,False,NA,NA,NA,NA,NA,False,False,False,,,,,,,,,,,,,,,,,,,,,,,NA,1,0,0,0,0,0,0,0,33614,23726,3,1,1,1
3_5_1_2,3,5,1,2,23726,33614,23726,DeuceCourt,119 KPH,NA,NA,,,,3,Winner,NA,False,Ground,ForeHand,0.93 Metre,NA,NA,False,False,False,,,,,,,,,,,,,,,,,,,,,,,1936.38,0,0,0,0,0,0,0,0,33614,23726,3,1,1,1
NA,3,5,2,1,NA,NA,NA,AdCourt,NA,NA,NA,,,,0,Faulty Serve,NA,False,NA,NA,NA,NA,NA,False,False,False,,,,,,,,,,,,,,,,,,,,,,,NA,1,0,0,0,0,0,1,0,33614,23726,3,1,1,1
3_5_2_2,3,5,2,2,23726,33614,33614,AdCourt,NA,NA,NA,,,,0,DoubleFault,NA,False,Ground,NA,NA,NA,NA,False,False,False,,,,,,,,,,,,,,,,,,,,,,,0,1,1,0,0,0,0,1,0,33614,23726,3,1,1,1
3_5_3_1,3,5,3,1,23726,33614,23726,DeuceCourt,131 KPH,NA,NA,,,,0,Faulty Serve,NA,False,Ground,BackHand,2.01 Metre,NA,NA,False,False,False,,,,,,,,,,,,,,,,,,,,,,,3185.04,1,0,0,0,1,0,1,1,33614,23726,3,1,1,1
3_5_3_2,3,5,3,2,23726,33614,33614,DeuceCourt,131 KPH,NA,NA,,,,2,Winner,NA,False,Ground,BackHand,2.01 Metre,NA,NA,False,False,False,,,,,,,,,,,,,,,,,,,,,,,3185.04,0,0,0,0,0,0,1,1,33614,23726,3,1,1,1
3_5_4_1,3,5,4,1,23726,33614,23726,AdCourt,179 KPH,NA,NA,,,,5,Winner,NA,False,Ground,BackHand,NA,NA,NA,False,False,False,,,,,,,,,,,,,,,,,,,,,,,1352.94,0,0,0,0,0,0,1,2,33614,23726,3,1,1,1
3_5_5_1,3,5,5,1,23726,33614,23726,DeuceCourt,176 KPH,NA,NA,,,,1,Winner,NA,False,Ground,ForeHand,NA,NA,NA,False,False,False,,,,,,,,,,,,,,,,,,,,,,,1352.94,0,0,0,0,0,0,2,2,33614,23726,3,1,1,1
3_5_6_1,3,5,6,1,23726,33614,23726,AdCourt,160 KPH,NA,NA,11.329,-0.505,2.719,1,Ace,NA,False,NA,ForeHand,1.31 Metre,Down the Line,NA,False,False,True,-6.276,-0.007,0.037,T,,,,11.329,-0.505,2.719,-6.276,-0.007,0.037,,,,,,,,,,NA,0,0,0,1,0,0,3,2,33614,23726,3,1,1,1
3_6_1_1,3,6,1,1,33614,23726,33614,DeuceCourt,147 KPH,Slice,NA,11.676,1.062,2.725,1,Forced Error,NA,True,Ground,BackHand,0.53 Metre,NA,NA,False,False,True,-5.126,-0.211,0.037,T,,,,-11.923,-1.279,1.291,-0.027,-1.03,0.042,-11.923,-1.279,1.291,-0.006,-1.047,0.525,-0.027,-1.03,0.042,1047.48,0,0,0,0,0,1,0,0,33614,23726,3,2,1,1
3_6_2_1,3,6,2,1,33614,23726,23726,AdCourt,NA,NA,NA,,,,0,Faulty Serve,NA,False,NA,NA,NA,NA,NA,False,False,False,,,,,,,,,,,,,,,,,,,,,,,NA,1,0,0,0,0,0,1,0,33614,23726,3,2,1,1
3_6_2_2,3,6,2,2,33614,23726,23726,AdCourt,160 KPH,NA,NA,,,,0,DoubleFault,NA,False,NA,BackHand,1.31 Metre,NA,NA,False,False,False,,,,,,,,,,,,,,,,,,,,,,,NA,1,1,0,0,0,0,1,0,33614,23726,3,2,1,1
3_6_3_1,3,6,3,1,33614,23726,33614,DeuceCourt,158.37 KPH,NA,NA,,,,5,Forced Error,NA,False,Ground,ForeHand,NA,NA,NA,False,False,False,,,,,,,,,,,,,,,,,,,,,,,1047.48,0,0,0,0,1,0,1,1,33614,23726,3,2,1,1
3_6_4_1,3,6,4,1,33614,23726,23726,AdCourt,162 KPH,Flat,NA,11.712,-1.463,2.673,8,Winner,NA,False,Ground,ForeHand,1.32 Metre,Down the Line,NA,False,False,True,-5.733,2.962,0.037,Wide,,,,-10.765,-2.442,0.925,9.929,-3.677,0.031,-10.861,4.139,0.993,0.0,0.556,1.271,7.866,-1.857,0.033,1970.52,0,0,0,0,0,0,2,1,33614,23726,3,2,1,1
3_6_5_1,3,6,5,1,33614,23726,33614,DeuceCourt,164 KPH,Slice,NA,11.553,1.257,2.662,11,Forced Error,NA,True,Ground,ForeHand,1.54 Metre,NA,NA,False,False,True,-6.076,-0.948,0.036,T,,,,-12.872,-2.601,0.64,-2.003,-0.492,0.042,-11.245,-1.81,1.047,-0.0,-0.538,1.702,11.135,0.705,0.042,1376.52,0,0,0,0,0,0,2,2,33614,23726,3,2,1,1
3_6_6_1,3,6,6,1,33614,23726,33614,AdCourt,175 KPH,NA,NA,,,,1,Forced Error,NA,False,Ground,ForeHand,NA,NA,NA,False,False,False,,,,,,,,,,,,,,,,,,,,,,,1376.52,0,0,0,0,0,0,3,2,33614,23726,3,2,1,1
3_7_1_1,3,7,1,1,23726,33614,23726,DeuceCourt,166.68 KPH,NA,NA,-11.388,-0.966,2.74,0,Faulty Serve,NA,True,NA,ForeHand,0.89 Metre,NA,NA,False,False,True,,,,,,,,-11.388,-0.966,2.74,,,,,,,,,,,,,NA,1,0,0,0,0,0,0,0,33614,23726,4,2,1,1
3_7_1_2,3,7,1,2,23726,33614,23726,DeuceCourt,145 KPH,Flat,NA,-11.387,-0.532,2.667,7,Winner,NA,False,Approach,ForeHand,1.36 Metre,Cross Court,NA,False,False,True,5.992,1.287,0.042,T,,,,-4.069,0.737,2.152,5.598,-2.712,0.03,10.253,1.86,1.233,0.0,1.432,1.327,-7.916,0.977,0.037,NA,0,0,0,0,0,0,0,0,33614,23726,4,2,1,1
3_7_2_1,3,7,2,1,23726,33614,23726,AdCourt,176 KPH,NA,NA,,,,3,Winner,NA,False,NA,BackHand,NA,NA,NA,False,False,False,,,,,,,,,,,,,,,,,,,,,,,NA,0,0,0,0,0,0,1,0,33614,23726,4,2,1,1
3_7_3_1,3,7,3,1,23726,33614,23726,DeuceCourt,NA,NA,NA,,,,1,Ace,NA,False,NA,ForeHand,NA,NA,NA,False,False,False,,,,,,,,,,,,,,,,,,,,,,,NA,0,0,0,1,0,0,2,0,33614,23726,4,2,1,1
3_7_4_1,3,7,4,1,23726,33614,23726,AdCourt,181 KPH,Flat,NA,-11.163,0.313,2.647,1,Winner,NA,False,NA,ForeHand,1.14 Metre,Cross Court,NA,False,False,True,6.05,-0.43,0.041,T,,,,-11.163,0.313,2.647,6.05,-0.43,0.041,,,,,,,,,,NA,0,0,0,0,0,1,3,0,33614,23726,4,2,1,1
3_8_1_1,3,8,1,1,33614,23726,33614,DeuceCourt,157.24 KPH,Pronated,0.22 Metre,-11.579,-0.934,2.728,0,Faulty Serve,Net Error,True,NA,BackHand,0.78 Metre,NA,Net Error,False,False,True,-0.219,0.64,0.043,T,,,,-11.579,-0.934,2.728,-0.219,0.64,0.043,,,,,,,,,,NA,1,0,0,0,0,0,0,0,33614,23726,4,3,1,1
3_8_1_2,3,8,1,2,33614,23726,33614,DeuceCourt,127 KPH,NA,NA,,,,5,Unforced Error,NA,False,Ground,BackHand,1.85 Metre,NA,NA,False,False,False,,,,,,,,,,,,,,,,,,,,,,,2104.26,0,0,0,0,0,0,0,0,33614,23726,4,3,1,1
3_8_2_1,3,8,2,1,33614,23726,33614,AdCourt,157.24 KPH,NA,NA,,,,0,Faulty Serve,NA,False,NA,ForeHand,0.78 Metre,NA,NA,False,False,False,,,,,,,,,,,,,,,,,,,,,,,NA,1,0,0,0,0,0,1,0,33614,23726,4,3,1,1
3_8_2_2,3,8,2,2,33614,23726,33614,AdCourt,140 KPH,Slice,NA,-11.623,1.258,2.701,1,Forced Error,NA,True,NA,ForeHand,0.79 Metre,NA,NA,False,False,True,4.676,0.004,0.047,T,,,,11.281,-0.11,1.449,,,,,,,,,,,,,1602.78,0,0,0,0,0,0,1,0,33614,23726,4,3,1,1
3_8_3_1,3,8,3,1,33614,23726,33614,DeuceCourt,168 KPH,Flat,NA,-11.402,-1.051,2.646,3,Winner,NA,False,Ground,ForeHand,0.95 Metre,Down the Line,NA,False,False,True,5.151,1.519,0.042,Body,,,,-12.102,1.357,0.69,2.358,1.03,0.045,11.793,2.702,1.307,-0.0,2.243,1.568,-9.344,1.643,0.032,923.88,0,0,0,0,0,0,2,0,33614,23726,4,3,1,1
NA,3,8,4,1,NA,NA,NA,AdCourt,NA,NA,NA,,,,0,Faulty Serve,NA,False,NA,NA,NA,NA,NA,False,False,False,,,,,,,,,,,,,,,,,,,,,,,NA,1,0,0,0,0,0,3,0,33614,23726,4,3,1,1
3_8_4_2,3,8,4,2,33614,23726,23726,AdCourt,181 KPH,NA,NA,,,,2,Winner,NA,False,NA,BackHand,1.14 Metre,NA,NA,False,False,False,,,,,,,,,,,,,,,,,,,,,,,NA,0,0,0,0,0,0,3,0,33614,23726,4,3,1,1
3_8_5_1,3,8,5,1,33614,23726,33614,DeuceCourt,172 KPH,Slice,NA,-11.615,-0.932,2.646,1,Forced Error,NA,False,Ground,ForeHand,1.59 Metre,NA,NA,False,False,True,6.214,3.253,0.039,Wide,,,,10.567,4.439,0.939,-12.885,3.267,0.038,10.567,4.439,0.939,-0.0,3.76,1.588,-12.885,3.267,0.038,1516.74,0,0,0,0,0,0,3,1,33614,23726,4,3,1,1
3_9_1_1,3,9,1,1,23726,33614,23726,DeuceCourt,179 KPH,NA,NA,,,,3,Forced Error,NA,False,NA,ForeHand,NA,NA,NA,False,False,False,,,,,,,,,,,,,,,,,,,,,,,NA,0,0,0,0,0,0,0,0,33614,23726,5,3,1,1
3_9_2_1,3,9,2,1,23726,33614,23726,AdCourt,187 KPH,Slice,NA,11.2,-0.45,2.716,9,Winner,NA,False,Ground,BackHand,1.32 Metre,Down the Line,NA,False,False,True,-6.071,1.062,0.036,T,,,,11.918,-1.87,0.613,-9.776,-3.842,0.032,-12.632,1.384,0.995,0.0,1.275,1.413,8.704,1.06,0.044,1399.98,0,0,0,0,0,0,1,0,33614,23726,5,3,1,1
3_9_3_1,3,9,3,1,23726,33614,23726,DeuceCourt,167.12 KPH,Slice,0.03 Metre,11.392,0.662,2.68,0,Faulty Serve,Wide Error,False,NA,ForeHand,1.25 Metre,NA,Wide Error,False,False,True,-5.583,-4.148,0.038,Wide,,,,11.392,0.662,2.68,-5.583,-4.148,0.038,,,,,,,,,,NA,1,0,0,0,0,0,2,0,33614,23726,5,3,1,1
3_9_3_2,3,9,3,2,23726,33614,33614,DeuceCourt,153 KPH,Flat,NA,11.602,0.278,2.731,4,Forced Error,NA,True,Volley,ForeHand,0.23 Metre,NA,NA,False,False,True,-4.386,-1.241,0.04,T,,,,11.186,3.048,0.255,,,,-14.596,-2.32,1.013,0.0,-2.778,2.084,10.72,-3.277,0.029,NA,0,0,0,0,0,0,2,0,33614,23726,5,3,1,1
NA,3,9,4,1,NA,NA,NA,AdCourt,NA,NA,NA,,,,0,Faulty Serve,NA,False,NA,NA,NA,NA,NA,False,False,False,,,,,,,,,,,,,,,,,,,,,,,NA,1,0,0,0,0,0,2,1,33614,23726,5,3,1,1
3_9_4_2,3,9,4,2,23726,33614,33614,AdCourt,153 KPH,NA,NA,,,,4,Unforced Error,NA,False,Volley,ForeHand,0.23 Metre,NA,NA,False,False,False,,,,,,,,,,,,,,,,,,,,,,,NA,0,0,0,0,0,0,2,1,33614,23726,5,3,1,1
NA,3,9,5,1,NA,NA,NA,DeuceCourt,NA,NA,NA,,,,0,Faulty Serve,NA,False,NA,NA,NA,NA,NA,False,False,False,,,,,,,,,,,,,,,,,,,,,,,NA,1,0,0,0,0,0,2,2,33614,23726,5,3,1,1
3_9_5_2,3,9,5,2,23726,33614,23726,DeuceCourt,154 KPH,Slice,NA,11.591,0.085,2.668,5,Forced Error,NA,False,Lob,ForeHand,NA,NA,NA,False,False,True,-5.658,-1.242,0.037,T,,,,-8.188,-2.902,0.446,12.885,1.291,0.039,-14.695,-2.32,1.471,-0.0,-1.434,1.473,7.104,-0.982,0.035,1120.38,0,0,0,0,0,0,2,2,33614,23726,5,3,1,1
3_9_6_1,3,9,6,1,23726,33614,33614,AdCourt,173 KPH,Slice,NA,11.328,-0.587,2.771,4,Winner,NA,False,Passing,ForeHand,1.58 Metre,Cross Court,NA,False,False,True,-5.749,0.439,0.037,T,,,,-13.233,-2.319,0.868,9.512,3.508,0.04,-13.637,0.606,0.892,0.0,0.581,1.076,5.294,0.649,0.047,1809.36,0,0,0,0,0,0,3,2,33614,23726,5,3,1,1
3_9_7_1,3,9,7,1,23726,33614,33614,DeuceCourt,173 KPH,NA,NA,,,,0,Faulty Serve,NA,False,Passing,BackHand,1.58 Metre,NA,NA,False,False,False,,,,,,,,,,,,,,,,,,,,,,,1809.36,1,0,0,0,0,0,3,3,33614,23726,5,3,1,1
3_9_7_2,3,9,7,2,23726,33614,23726,DeuceCourt,154 KPH,Flat,NA,11.409,0.401,2.703,5,Winner,NA,False,Ground,BackHand,1.08 Metre,NA,NA,False,False,True,-5.3,-1.605,0.038,Body,,,,,,,,,,-10.315,-2.36,1.286,0.0,-0.464,1.546,8.492,1.119,0.043,1282.32,0,0,0,0,0,0,3,3,33614,23726,5,3,1,1
3_9_8_1,3,9,8,1,23726,33614,23726,AdCourt,175 KPH,NA,NA,,,,1,Forced Error,NA,False,Passing,ForeHand,NA,NA,NA,False,False,False,,,,,,,,,,,,,,,,,,,,,,,1809.36,0,0,0,0,0,0,4,3,33614,23726,5,3,1,1
3_10_1_1,3,10,1,1,33614,23726,33614,DeuceCourt,163 KPH,NA,NA,,,,1,Forced Error,NA,False,Ground,BackHand,NA,NA,NA,False,False,False,,,,,,,,,,,,,,,,,,,,,,,1516.74,0,0,0,0,0,0,0,0,33614,23726,5,4,1,1
3_10_2_1,3,10,2,1,33614,23726,33614,AdCourt,161 KPH,Flat,NA,11.711,-1.274,2.7,3,Unforced Error,NA,False,Ground,ForeHand,2.01 Metre,NA,Long Error,False,False,True,-4.234,1.866,0.04,Body,,,,-11.315,-0.572,1.181,12.885,3.27,0.04,-11.751,3.218,1.447,0.0,0.257,2.02,8.021,-1.56,0.035,2557.2,0,0,0,0,0,0,1,0,33614,23726,5,4,1,1
3_10_3_1,3,10,3,1,33614,23726,23726,DeuceCourt,164 KPH,Slice,NA,11.799,1.025,2.674,6,Winner,NA,False,NA,ForeHand,1.7 Metre,NA,NA,False,False,True,-4.464,-1.566,0.039,Body,,,,,,,,,,-11.821,-3.1,1.44,0.0,-2.604,1.642,10.433,-2.143,0.032,0,0,0,0,0,0,0,2,0,33614,23726,5,4,1,1
3_10_4_1,3,10,4,1,33614,23726,33614,AdCourt,153 KPH,Flat,NA,11.684,-1.504,2.627,3,Winner,NA,False,Ground,BackHand,1.53 Metre,Down the Line,NA,False,False,True,-5.395,2.863,0.037,Wide,,,,11.747,-2.584,1.003,-10.389,-2.765,0.034,-11.448,4.405,1.391,0.0,0.865,1.462,7.639,-1.377,0.034,1357.56,0,0,0,0,0,0,2,1,33614,23726,5,4,1,1
3_10_5_1,3,10,5,1,33614,23726,23726,DeuceCourt,166 KPH,Slice,NA,11.582,1.096,2.684,2,Winner,NA,False,Ground,ForeHand,1.59 Metre,Cross Court,NA,False,False,True,-6.015,-3.596,0.038,Wide,,,,-10.753,-5.165,1.066,9.681,3.491,0.04,-10.753,-5.165,1.066,0.0,-0.527,1.586,9.681,3.491,0.04,1991.88,0,0,0,0,0,0,3,1,33614,23726,5,4,1,1
3_10_6_1,3,10,6,1,33614,23726,23726,AdCourt,158 KPH,Flat,NA,11.692,-1.204,2.665,4,Forced Error,NA,False,Ground,ForeHand,NA,NA,NA,False,False,True,-4.876,0.71,0.038,T,,,,14.349,4.36,1.098,-6.02,5.013,0.024,-11.414,1.308,1.301,0.0,1.362,1.337,8.29,1.327,0.042,1225.32,0,0,0,0,0,0,3,2,33614,23726,5,4,1,1
3_10_7_1,3,10,7,1,33614,23726,33614,DeuceCourt,164 KPH,NA,NA,,,,1,Forced Error,NA,False,Ground,ForeHand,NA,NA,NA,False,False,False,,,,,,,,,,,,,,,,,,,,,,,1225.32,0,0,0,0,0,0,3,3,33614,23726,5,4,1,1
NA,3,10,8,1,NA,NA,NA,AdCourt,NA,NA,NA,,,,0,Faulty Serve,NA,False,NA,NA,NA,NA,NA,False,False,False,,,,,,,,,,,,,,,,,,,,,,,NA,1,0,0,0,0,0,4,3,33614,23726,5,4,1,1
3_10_8_2,3,10,8,2,33614,23726,23726,AdCourt,158 KPH,NA,NA,,,,2,Winner,NA,False,Ground,ForeHand,NA,NA,NA,False,False,False,,,,,,,,,,,,,,,,,,,,,,,1225.32,0,0,0,0,0,0,4,3,33614,23726,5,4,1,1
3_10_9_1,3,10,9,1,33614,23726,23726,DeuceCourt,158 KPH,NA,NA,,,,2,Winner,NA,False,Ground,BackHand,NA,NA,NA,False,False,False,,,,,,,,,,,,,,,,,,,,,,,1225.32,0,0,0,0,0,0,4,4,33614,23726,5,4,1,1
3_10_10_1,3,10,10,1,33614,23726,33614,AdCourt,145 KPH,Kick,NA,11.641,-1.564,2.687,5,Unforced Error,NA,False,Drop,ForeHand,2.34 Metre,NA,Wide Error,True,True,True,-4.516,2.49,0.028,Body,,,,-10.949,-0.277,0.677,10.482,-4.237,0.03,-11.646,3.969,1.716,0.0,0.985,1.231,5.383,-0.303,0.047,NA,0,0,0,0,0,0,4,5,33614,23726,5,4,1,1
3_10_11_1,3,10,11,1,33614,23726,23726,DeuceCourt,164 KPH,Flat,NA,11.524,1.195,2.643,6,Forced Error,NA,False,Ground,ForeHand,1.91 Metre,NA,NA,False,False,True,-5.371,-3.182,0.039,Wide,,,,14.147,2.485,0.883,-7.1,4.534,0.032,-11.419,-4.929,1.373,0.0,-0.798,1.899,8.391,1.969,0.041,1453.8,0,0,0,0,0,0,5,5,33614,23726,5,4,1,1
3_10_12_1,3,10,12,1,33614,23726,33614,AdCourt,169 KPH,NA,NA,,,,7,Winner,NA,False,Ground,BackHand,NA,NA,NA,True,False,False,,,,,,,,,,,,,,,,,,,,,,,1453.8,0,0,0,0,0,0,5,6,33614,23726,5,4,1,1
NA,3,10,13,1,NA,NA,NA,DeuceCourt,NA,NA,NA,,,,0,Faulty Serve,NA,False,NA,NA,NA,NA,NA,False,False,False,,,,,,,,,,,,,,,,,,,,,,,NA,1,0,0,0,0,0,6,6,33614,23726,5,4,1,1
3_10_13_2,3,10,13,2,33614,23726,23726,DeuceCourt,147 KPH,Slice,NA,11.634,1.226,2.711,0,DoubleFault,NA,True,NA,BackHand,0.91 Metre,NA,Net Error,False,False,True,0.558,-0.351,0.041,T,,,,11.634,1.226,2.711,0.558,-0.351,0.041,,,,,,,,,,812.58,1,1,0,0,0,0,6,6,33614,23726,5,4,1,1
3_10_14_1,3,10,14,1,33614,23726,33614,AdCourt,169 KPH,Slice,NA,11.653,-1.292,2.694,1,Forced Error,NA,False,Ground,ForeHand,3.75 Metre,NA,NA,True,False,True,-5.681,0.622,0.037,T,,,,-11.813,0.98,1.036,12.885,-1.008,0.037,-11.813,0.98,1.036,-0.0,-0.009,3.747,12.885,-1.008,0.037,1697.94,0,0,0,0,1,0,6,7,33614,23726,5,4,1,1
NA,3,10,15,1,NA,NA,NA,DeuceCourt,NA,NA,NA,,,,0,Faulty Serve,NA,False,NA,NA,NA,NA,NA,False,False,False,,,,,,,,,,,,,,,,,,,,,,,NA,1,0,0,0,0,0,7,7,33614,23726,5,4,1,1
3_10_15_2,3,10,15,2,33614,23726,23726,DeuceCourt,150 KPH,Slice,NA,11.648,0.863,2.722,6,Winner,NA,False,Ground,BackHand,1.3 Metre,Cross Court,NA,False,False,True,-4.413,-2.224,0.038,Body,,,,-10.546,2.738,1.09,7.004,-4.036,0.028,-10.641,-4.124,1.388,-0.0,-1.181,1.321,7.506,0.751,0.044,1893.24,0,0,0,0,0,0,7,7,33614,23726,5,4,1,1
3_10_16_1,3,10,16,1,33614,23726,23726,AdCourt,NA,NA,NA,,,,4,Winner,NA,False,Ground,ForeHand,NA,NA,NA,True,True,False,,,,,,,,,,,,,,,,,,,,,,,997.5,0,0,0,0,0,0,7,8,33614,23726,5,4,1,1
3_11_1_1,3,11,1,1,23726,33614,23726,DeuceCourt,183.76 KPH,Flat,0.3 Metre,-11.497,-0.716,2.734,0,Faulty Serve,Long Error,False,NA,ForeHand,1.29 Metre,NA,NA,False,False,True,6.7,0.761,0.044,T,,,,-11.497,-0.716,2.734,6.7,0.761,0.044,,,,,,,,,,NA,1,0,0,0,0,0,0,0,33614,23726,5,5,1,1
3_11_1_2,3,11,1,2,23726,33614,33614,DeuceCourt,183.76 KPH,NA,NA,,,,4,Forced Error,NA,False,NA,ForeHand,1.29 Metre,NA,NA,False,False,False,,,,,,,,,,,,,,,,,,,,,,,NA,0,0,0,0,0,0,0,0,33614,23726,5,5,1,1
NA,3,11,2,1,NA,NA,NA,AdCourt,NA,NA,NA,,,,0,Faulty Serve,NA,False,NA,NA,NA,NA,NA,False,False,False,,,,,,,,,,,,,,,,,,,,,,,NA,1,0,0,0,0,0,0,1,33614,23726,5,5,1,1
3_11_2_2,3,11,2,2,23726,33614,33614,AdCourt,NA,Flat,NA,,,,0,DoubleFault,NA,False,NA,NA,NA,NA,NA,False,False,False,,,,,,,,,,,,,,,,,,,,,,,1206.54,1,1,0,0,0,0,0,1,33614,23726,5,5,1,1
3_11_3_1,3,11,3,1,23726,33614,23726,DeuceCourt,167.76 KPH,Flat,NA,-11.522,-0.692,2.792,1,Winner,NA,False,NA,ForeHand,1.06 Metre,Cross Court,NA,False,False,True,4.648,1.997,0.041,Body,,,,-11.522,-0.692,2.792,4.648,1.997,0.041,,,,,,,,,,0,0,0,0,0,1,0,0,2,33614,23726,5,5,1,1
3_11_4_1,3,11,4,1,23726,33614,23726,AdCourt,172 KPH,NA,NA,,,,9,Winner,NA,False,NA,BackHand,NA,NA,NA,False,False,False,,,,,,,,,,,,,,,,,,,,,,,0,0,0,0,0,0,0,1,2,33614,23726,5,5,1,1
NA,3,11,5,1,NA,NA,NA,DeuceCourt,NA,NA,NA,,,,0,Faulty Serve,NA,False,NA,NA,NA,NA,NA,False,False,False,,,,,,,,,,,,,,,,,,,,,,,NA,1,0,0,0,0,0,2,2,33614,23726,5,5,1,1
3_11_5_2,3,11,5,2,23726,33614,33614,DeuceCourt,123 KPH,Kick,NA,-11.633,-0.594,2.872,4,Forced Error,NA,False,Ground,BackHand,3.62 Metre,NA,NA,False,False,True,3.06,0.143,0.043,T,,,,-11.821,4.264,1.344,12.885,0.746,0.042,11.15,0.638,2.039,0.0,0.408,2.085,-8.522,0.4,0.037,1194.42,0,0,0,0,0,0,2,2,33614,23726,5,5,1,1
NA,3,11,6,1,NA,NA,NA,AdCourt,NA,NA,NA,,,,0,Faulty Serve,NA,False,NA,NA,NA,NA,NA,False,False,False,,,,,,,,,,,,,,,,,,,,,,,NA,1,0,0,0,0,0,2,3,33614,23726,5,5,1,1
3_11_6_2,3,11,6,2,23726,33614,33614,AdCourt,139 KPH,Pronated,NA,-11.346,0.859,2.7,4,Winner,NA,False,Ground,BackHand,1.07 Metre,Cross Court,NA,True,True,True,4.612,-2.551,0.033,Body,,,,11.806,-3.073,0.911,-5.762,2.577,0.038,10.471,-3.856,1.536,0.0,-0.255,1.31,-6.651,2.06,0.039,1453.14,0,0,0,0,0,0,2,3,33614,23726,5,5,1,1
NA,3,12,1,1,NA,NA,NA,DeuceCourt,NA,NA,NA,,,,0,Faulty Serve,NA,False,NA,NA,NA,NA,NA,False,False,False,,,,,,,,,,,,,,,,,,,,,,,NA,1,0,0,0,0,0,0,0,33614,23726,6,5,1,1
3_12_1_2,3,12,1,2,33614,23726,33614,DeuceCourt,151 KPH,Kick,NA,-11.625,-1.142,2.764,1,Unforced Error,NA,True,NA,BackHand,0.28 Metre,NA,Net Error,False,False,True,4.959,1.45,0.042,Body,,,,11.108,2.844,1.55,,,,,,,,,,,,,853.56,0,0,0,0,0,0,0,0,33614,23726,6,5,1,1
NA,3,12,2,1,NA,NA,NA,AdCourt,NA,NA,NA,,,,0,Faulty Serve,NA,False,NA,NA,NA,NA,NA,False,False,False,,,,,,,,,,,,,,,,,,,,,,,NA,1,0,0,0,0,0,1,0,33614,23726,6,5,1,1
3_12_2_2,3,12,2,2,33614,23726,33614,AdCourt,151 KPH,NA,NA,,,,5,Forced Error,NA,False,NA,BackHand,0.28 Metre,NA,NA,False,False,False,,,,,,,,,,,,,,,,,,,,,,,853.56,0,0,0,0,0,0,1,0,33614,23726,6,5,1,1
NA,3,12,3,1,NA,NA,NA,DeuceCourt,NA,NA,NA,,,,0,Faulty Serve,NA,False,NA,NA,NA,NA,NA,False,False,False,,,,,,,,,,,,,,,,,,,,,,,NA,1,0,0,0,0,0,2,0,33614,23726,6,5,1,1
3_12_3_2,3,12,3,2,33614,23726,23726,DeuceCourt,128 KPH,Kick,NA,-11.779,-0.966,2.69,8,Unforced Error,NA,False,Ground,BackHand,2 Metre,NA,Long Error,False,False,True,5.718,2.504,0.04,Body,,,,-11.5,0.686,0.451,12.885,3.141,0.039,12.627,4.134,1.544,0.0,0.558,1.376,-7.166,-1.349,0.037,1771.14,0,0,0,0,0,0,2,0,33614,23726,6,5,1,1
3_12_4_1,3,12,4,1,33614,23726,33614,AdCourt,178 KPH,Flat,NA,-11.601,1.332,2.656,3,Forced Error,NA,True,Ground,ForeHand,1.08 Metre,NA,NA,False,False,True,5.561,-1.775,0.034,Body,,,,13.349,2.061,1.173,7.229,-0.928,0.036,11.888,-2.849,1.114,-0.0,-1.016,2.386,-9.055,0.838,0.038,NA,0,0,0,0,0,0,2,1,33614,23726,6,5,1,1
NA,3,12,5,1,NA,NA,NA,DeuceCourt,NA,NA,NA,,,,0,Faulty Serve,NA,False,NA,NA,NA,NA,NA,False,False,False,,,,,,,,,,,,,,,,,,,,,,,NA,1,0,0,0,0,0,3,1,33614,23726,6,5,1,1
3_12_5_2,3,12,5,2,33614,23726,23726,DeuceCourt,128 KPH,NA,NA,,,,0,DoubleFault,NA,False,Ground,BackHand,2 Metre,NA,NA,False,False,False,,,,,,,,,,,,,,,,,,,,,,,1771.14,1,1,0,0,0,0,3,1,33614,23726,6,5,1,1
3_12_6_1,3,12,6,1,33614,23726,23726,AdCourt,148 KPH,Flat,NA,-11.746,1.65,2.615,14,Winner,NA,False,Passing,ForeHand,1.51 Metre,Cross Court,NA,False,False,True,5.529,-2.621,0.031,Body,,,,13.733,2.323,0.743,-7.178,-3.471,0.035,11.888,-4.035,1.191,0.0,-0.395,1.58,-7.736,2.0,0.039,2646.18,0,0,0,0,1,0,3,2,33614,23726,6,5,1,1
3_12_7_1,3,12,7,1,33614,23726,23726,DeuceCourt,169.6 KPH,NA,0.06 Metre,-11.566,-1.101,2.623,0,Faulty Serve,Net Error,True,NA,ForeHand,0.91 Metre,NA,Net Error,False,False,True,-0.064,2.356,0.036,Body,,,,-11.566,-1.101,2.623,-0.064,2.356,0.036,,,,,,,,,,0,1,0,0,0,0,0,3,3,33614,23726,6,5,1,1
3_12_7_2,3,12,7,2,33614,23726,23726,DeuceCourt,148 KPH,NA,NA,,,,2,Forced Error,NA,False,Passing,ForeHand,1.51 Metre,NA,NA,False,False,False,,,,,,,,,,,,,,,,,,,,,,,2646.18,0,0,0,0,0,0,3,3,33614,23726,6,5,1,1
3_12_8_1,3,12,8,1,33614,23726,33614,AdCourt,163 KPH,Flat,NA,-11.622,1.341,2.681,7,Unforced Error,NA,True,Ground,ForeHand,0.84 Metre,NA,Net Error,True,True,True,5.388,-1.747,0.034,Body,,,,14.222,2.473,1.474,,,,12.545,-2.962,1.414,0.0,-1.583,1.51,-7.708,-0.593,0.036,2335.5,0,0,0,0,0,0,3,4,33614,23726,6,5,1,1
3_12_9_1,3,12,9,1,33614,23726,33614,DeuceCourt,159 KPH,Slice,NA,-11.661,-1.184,2.649,1,Forced Error,NA,True,Drop,ForeHand,1.25 Metre,NA,NA,False,False,True,5.956,2.11,0.041,Body,,,,12.144,3.59,1.332,2.868,-0.109,0.043,,,,,,,,,,NA,0,0,0,0,0,0,4,4,33614,23726,6,5,1,1
NA,3,12,10,1,NA,NA,NA,AdCourt,NA,NA,NA,,,,0,Faulty Serve,NA,False,NA,NA,NA,NA,NA,False,False,False,,,,,,,,,,,,,,,,,,,,,,,NA,1,0,0,0,0,0,5,4,33614,23726,6,5,1,1
3_12_10_2,3,12,10,2,33614,23726,23726,AdCourt,148 KPH,NA,NA,,,,0,DoubleFault,NA,False,Passing,BackHand,1.51 Metre,NA,NA,False,False,False,,,,,,,,,,,,,,,,,,,,,,,2646.18,1,1,0,0,0,0,5,4,33614,23726,6,5,1,1
NA,3,12,11,1,NA,NA,NA,DeuceCourt,NA,NA,NA,,,,0,Faulty Serve,NA,False,NA,NA,NA,NA,NA,False,False,False,,,,,,,,,,,,,,,,,,,,,,,NA,1,0,0,0,1,0,5,5,33614,23726,6,5,1,1
3_12_11_2,3,12,11,2,33614,23726,23726,DeuceCourt,148 KPH,NA,NA,,,,6,Winner,NA,False,Passing,BackHand,1.51 Metre,NA,NA,False,False,False,,,,,,,,,,,,,,,,,,,,,,,2646.18,0,0,0,0,0,0,5,5,33614,23726,6,5,1,1
3_12_12_1,3,12,12,1,33614,23726,33614,AdCourt,148 KPH,Slice,NA,-11.648,1.607,2.616,3,Winner,NA,False,Ground,ForeHand,1.86 Metre,Cross Court,NA,True,False,True,6.31,-3.184,0.03,Wide,,,,-11.848,-0.152,0.622,9.203,3.951,0.039,11.533,-4.339,1.187,-0.0,-2.13,1.192,-7.605,-0.807,0.036,2707.5,0,0,0,0,0,0,5,6,33614,23726,6,5,1,1
3_12_13_1,3,12,13,1,33614,23726,33614,DeuceCourt,161 KPH,NA,NA,,,,11,Forced Error,NA,False,Ground,BackHand,NA,NA,NA,False,False,False,,,,,,,,,,,,,,,,,,,,,,,2707.5,0,0,0,0,0,0,6,6,33614,23726,6,5,1,1
3_12_14_1,3,12,14,1,33614,23726,23726,AdCourt,128 KPH,Pronated,NA,-11.577,1.776,2.586,2,Unforced Error,NA,True,Ground,BackHand,0.74 Metre,NA,Net Error,False,False,True,4.829,-2.751,0.033,Wide,,,,-11.117,2.86,0.68,-0.141,3.775,0.036,12.052,-4.773,1.669,-0.0,-0.589,1.174,-5.493,1.164,0.036,1927.02,0,0,0,0,0,0,7,6,33614,23726,6,5,1,1
3_12_15_1,3,12,15,1,33614,23726,33614,DeuceCourt,NA,NA,NA,,,,1,Ace,NA,False,NA,ForeHand,NA,NA,NA,False,False,False,,,,,,,,,,,,,,,,,,,,,,,NA,0,0,0,1,0,0,7,7,33614,23726,6,5,1,1
3_12_16_1,3,12,16,1,33614,23726,33614,AdCourt,190.24 KPH,NA,NA,-11.516,1.197,2.609,0,Faulty Serve,NA,True,NA,BackHand,0.89 Metre,NA,NA,False,False,True,,,,,,,,-11.516,1.197,2.609,,,,,,,,,,,,,NA,1,0,0,0,0,1,8,7,33614,23726,6,5,1,1
3_12_16_2,3,12,16,2,33614,23726,23726,AdCourt,158 KPH,Slice,NA,-11.478,1.427,2.701,6,Unforced Error,NA,False,Ground,BackHand,1.1 Metre,NA,NA,False,False,True,5.302,-2.425,0.031,Body,,,,,,,,,,11.184,-3.506,1.392,0.0,-0.538,1.12,-6.271,1.029,0.036,NA,0,0,0,0,0,0,8,7,33614,23726,6,5,1,1
NA,3,12,17,1,NA,NA,NA,DeuceCourt,NA,NA,NA,,,,0,Faulty Serve,NA,False,NA,NA,NA,NA,NA,False,False,False,,,,,,,,,,,,,,,,,,,,,,,NA,1,0,0,0,0,0,8,8,33614,23726,6,5,1,1
3_12_17_2,3,12,17,2,33614,23726,33614,DeuceCourt,153 KPH,NA,NA,,,,5,Winner,NA,False,Volley,ForeHand,0.23 Metre,NA,NA,False,False,False,,,,,,,,,,,,,,,,,,,,,,,NA,0,0,0,0,0,0,8,8,33614,23726,6,5,1,1
3_12_18_1,3,12,18,1,33614,23726,33614,AdCourt,179 KPH,Pronated,NA,-11.721,1.14,2.696,1,Winner,NA,False,NA,BackHand,1.17 Metre,Cross Court,NA,False,False,True,6.298,-3.494,0.028,Wide,,,,-11.721,1.14,2.696,6.298,-3.494,0.028,,,,,,,,,,NA,0,0,0,0,0,0,9,8,33614,23726,6,5,1,1
